case,rate,decoded,non_decoded,nodes_number,life_time,maximum_trans,gen_packets,delay,max_delay,interference_in_node,out_of_range_in_ge,in_range_in_ge,max_sf,time_out,drop_p_async,fairness
Multihop 1 gateways,0.1,1871,34,100,1000000,215,1919,236672,1155,2,0,1905,7,1,11,0.999953
LoraWAN 1 gateways,0.1,422,0,100,1000000,215,1917,19412,1155,0,1495,422,7,0,0,0
LoraWAN 2 gateways,0.1,1520,13,100,1000000,215,1917,69920,1155,0,1917,1533,7,-1533,0,0
LoraWAN 3 gateways,0.1,1854,9,100,1000000,215,1917,85284,1155,0,1917,1861,7,-1863,0,0
Multihop 1 gateways,0.2,3463,87,100,1000000,215,3629,429109,1155,22,0,3550,7,2,55,0.999842
LoraWAN 1 gateways,0.2,765,6,100,1000000,215,3595,35190,1155,0,2824,771,7,0,0,0
LoraWAN 2 gateways,0.2,2853,23,100,1000000,215,3595,131238,1155,0,3595,2876,7,-2876,0,0
LoraWAN 3 gateways,0.2,3456,39,100,1000000,215,3595,158976,1155,0,3595,3487,7,-3495,0,0
Multihop 1 gateways,0.3,4683,263,100,1000000,215,5097,578773,1155,45,0,4946,7,2,104,0.999583
LoraWAN 1 gateways,0.3,1113,8,100,1000000,215,5002,51198,1155,0,3881,1121,7,0,0,0
LoraWAN 2 gateways,0.3,3973,53,100,1000000,215,5002,182758,1155,0,5002,4026,7,-4026,0,0
LoraWAN 3 gateways,0.3,4812,52,100,1000000,215,5002,221352,1155,0,5002,4849,7,-4864,0,0
Multihop 1 gateways,0.4,5867,311,100,1000000,215,6433,723295,1155,74,0,6178,7,14,167,0.998272
LoraWAN 1 gateways,0.4,1333,20,100,1000000,215,6204,61318,1155,0,4851,1353,7,0,0,0
LoraWAN 2 gateways,0.4,4861,85,100,1000000,215,6204,223606,1155,0,6204,4946,7,-4946,0,0
LoraWAN 3 gateways,0.4,5900,119,100,1000000,215,6204,271400,1155,0,6204,6004,7,-6019,0,0
Multihop 1 gateways,0.5,6663,599,100,1000000,215,7598,814586,1155,114,0,7262,7,3,219,0.99943
LoraWAN 1 gateways,0.5,1576,24,100,1000000,215,7238,72496,1155,0,5638,1600,7,0,0,0
LoraWAN 2 gateways,0.5,5656,98,100,1000000,215,7238,260176,1155,0,7238,5754,7,-5754,0,0
LoraWAN 3 gateways,0.5,6898,130,100,1000000,215,7238,317308,1155,0,7238,7006,7,-7028,0,0
Multihop 1 gateways,0.6,7625,646,100,1000000,215,8694,927446,1155,125,0,8271,7,17,281,0.99777
LoraWAN 1 gateways,0.6,1757,28,100,1000000,215,8155,80822,1155,0,6370,1785,7,0,0,0
LoraWAN 2 gateways,0.6,6390,139,100,1000000,215,8155,293940,1155,0,8155,6529,7,-6529,0,0
LoraWAN 3 gateways,0.6,7790,160,100,1000000,215,8155,358340,1155,0,8155,7912,7,-7950,0,0
Multihop 1 gateways,0.7,8422,693,100,1000000,215,9640,1025207,1155,158,0,9115,7,26,341,0.999162
LoraWAN 1 gateways,0.7,1921,28,100,1000000,215,8948,88366,1155,0,6999,1949,7,0,0,0
LoraWAN 2 gateways,0.7,6996,146,100,1000000,215,8948,321816,1155,0,8948,7143,7,-7142,0,0
LoraWAN 3 gateways,0.7,8479,230,100,1000000,215,8948,390034,1155,0,8948,8669,7,-8709,0,0
Multihop 1 gateways,0.8,9164,726,100,1000000,215,10548,1111620,1155,188,0,9890,7,9,461,0.99839
LoraWAN 1 gateways,0.8,2061,56,100,1000000,215,9681,94806,1155,0,7564,2117,7,0,0,0
LoraWAN 2 gateways,0.8,7578,173,100,1000000,215,9681,348588,1155,0,9681,7752,7,-7751,0,0
LoraWAN 3 gateways,0.8,9222,221,100,1000000,215,9681,424212,1155,0,9681,9403,7,-9443,0,0
Multihop 1 gateways,0.9,9683,1053,100,1000000,215,11419,1163946,1155,148,0,10739,7,25,510,0.995896
LoraWAN 1 gateways,0.9,2185,42,100,1000000,215,10285,100510,1155,0,8058,2227,7,0,0,0
LoraWAN 2 gateways,0.9,8072,204,100,1000000,215,10285,371312,1155,0,10285,8276,7,-8276,0,0
LoraWAN 3 gateways,0.9,9809,220,100,1000000,215,10285,451214,1155,0,10285,9989,7,-10029,0,0
Multihop 1 gateways,1,10353,1073,100,1000000,215,12226,1228470,1155,230,0,11426,7,17,553,0.996501
LoraWAN 1 gateways,1,2307,65,100,1000000,215,10852,106122,1155,0,8480,2372,7,0,0,0
LoraWAN 2 gateways,1,8381,272,100,1000000,215,10852,385526,1155,0,10852,8653,7,-8653,0,0
LoraWAN 3 gateways,1,10265,316,100,1000000,215,10852,472190,1155,0,10852,10521,7,-10581,0,0
Multihop 1 gateways,0.1,1830,53,100,1000000,215,1919,224263,1155,14,0,1883,7,1,21,0.999727
LoraWAN 1 gateways,0.1,479,0,100,1000000,215,1917,22034,1155,0,1438,479,7,0,0,0
LoraWAN 2 gateways,0.1,1118,5,100,1000000,215,1917,51428,1155,0,1917,1123,7,-1123,0,0
LoraWAN 3 gateways,0.1,1623,6,100,1000000,215,1917,74658,1155,0,1917,1628,7,-1629,0,0
Multihop 1 gateways,0.2,3430,82,100,1000000,215,3624,411434,1155,24,0,3512,7,4,84,0.999072
LoraWAN 1 gateways,0.2,922,4,100,1000000,215,3595,42412,1155,0,2669,926,7,0,0,0
LoraWAN 2 gateways,0.2,2131,16,100,1000000,215,3595,98026,1155,0,3595,2147,7,-2147,0,0
LoraWAN 3 gateways,0.2,3068,32,100,1000000,215,3595,141128,1155,0,3595,3093,7,-3100,0,0
Multihop 1 gateways,0.3,4687,194,100,1000000,215,5093,557280,1155,51,0,4881,7,19,142,0.998461
LoraWAN 1 gateways,0.3,1295,22,100,1000000,215,5002,59570,1155,0,3685,1317,7,0,0,0
LoraWAN 2 gateways,0.3,2993,33,100,1000000,215,5002,137678,1155,0,5002,3026,7,-3026,0,0
LoraWAN 3 gateways,0.3,4274,49,100,1000000,215,5002,196604,1155,0,5002,4310,7,-4323,0,0
Multihop 1 gateways,0.4,5870,194,100,1000000,215,6428,695190,1155,119,0,6064,7,28,217,0.998719
LoraWAN 1 gateways,0.4,1546,36,100,1000000,215,6204,71116,1155,0,4622,1582,7,0,0,0
LoraWAN 2 gateways,0.4,3678,44,100,1000000,215,6204,169188,1155,0,6204,3722,7,-3722,0,0
LoraWAN 3 gateways,0.4,5248,98,100,1000000,215,6204,241408,1155,0,6204,5329,7,-5346,0,0
Multihop 1 gateways,0.5,6627,471,100,1000000,215,7565,780588,1155,136,0,7098,7,34,297,0.99764
LoraWAN 1 gateways,0.5,1826,24,100,1000000,215,7238,83996,1155,0,5388,1850,7,0,0,0
LoraWAN 2 gateways,0.5,4294,62,100,1000000,215,7238,197524,1155,0,7238,4356,7,-4356,0,0
LoraWAN 3 gateways,0.5,6166,90,100,1000000,215,7238,283636,1155,0,7238,6242,7,-6256,0,0
Multihop 1 gateways,0.6,7502,474,100,1000000,215,8638,878490,1155,208,0,7976,7,55,399,0.996426
LoraWAN 1 gateways,0.6,2094,40,100,1000000,215,8155,96324,1155,0,6021,2134,7,0,0,0
LoraWAN 2 gateways,0.6,4827,80,100,1000000,215,8155,222042,1155,0,8155,4907,7,-4907,0,0
LoraWAN 3 gateways,0.6,6920,119,100,1000000,215,8155,318320,1155,0,8155,7019,7,-7039,0,0
Multihop 1 gateways,0.7,8291,606,100,1000000,215,9597,959692,1155,210,0,8897,7,55,435,0.997352
LoraWAN 1 gateways,0.7,2263,52,100,1000000,215,8948,104098,1155,0,6632,2316,7,1,0,0
LoraWAN 2 gateways,0.7,5295,57,100,1000000,215,8948,243570,1155,0,8948,5353,7,-5352,0,0
LoraWAN 3 gateways,0.7,7545,145,100,1000000,215,8948,347070,1155,0,8948,7670,7,-7690,0,0
Multihop 1 gateways,0.8,8958,706,100,1000000,215,10521,1033269,1155,281,0,9664,7,58,518,0.996467
LoraWAN 1 gateways,0.8,2454,70,100,1000000,215,9681,112884,1155,0,7157,2524,7,0,0,0
LoraWAN 2 gateways,0.8,5723,100,100,1000000,215,9681,263258,1155,0,9681,5824,7,-5823,0,0
LoraWAN 3 gateways,0.8,8195,164,100,1000000,215,9681,376970,1155,0,9681,8317,7,-8359,0,0
Multihop 1 gateways,0.9,9306,1015,100,1000000,215,11359,1062548,1155,319,0,10321,7,59,660,0.995195
LoraWAN 1 gateways,0.9,2575,70,100,1000000,215,10285,118450,1155,0,7640,2645,7,0,0,0
LoraWAN 2 gateways,0.9,6032,125,100,1000000,215,10285,277472,1155,0,10285,6157,7,-6157,0,0
LoraWAN 3 gateways,0.9,8663,218,100,1000000,215,10285,398498,1155,0,10285,8843,7,-8881,0,0
Multihop 1 gateways,1,10083,797,100,1000000,215,12089,1158074,1155,395,0,10880,7,66,748,0.994146
LoraWAN 1 gateways,1,2727,77,100,1000000,215,10852,125442,1155,0,8048,2804,7,0,0,0
LoraWAN 2 gateways,1,6340,136,100,1000000,215,10852,291640,1155,0,10852,6476,7,-6476,0,0
LoraWAN 3 gateways,1,9146,211,100,1000000,215,10852,420716,1155,0,10852,9313,7,-9357,0,0
Multihop 1 gateways,0.1,1873,34,100,1000000,215,1919,200113,1155,5,0,1907,7,1,6,0.999054
LoraWAN 1 gateways,0.1,588,2,100,1000000,215,1917,27048,1155,0,1327,590,7,0,0,0
LoraWAN 2 gateways,0.1,1262,6,100,1000000,215,1917,58052,1155,0,1917,1268,7,-1268,0,0
LoraWAN 3 gateways,0.1,1779,5,100,1000000,215,1917,81834,1155,0,1917,1784,7,-1784,0,0
Multihop 1 gateways,0.2,3494,77,100,1000000,215,3623,376150,1155,19,0,3571,7,5,28,0.997182
LoraWAN 1 gateways,0.2,1104,6,100,1000000,215,3595,50784,1155,0,2485,1110,7,0,0,0
LoraWAN 2 gateways,0.2,2393,19,100,1000000,215,3595,110078,1155,0,3595,2412,7,-2412,0,0
LoraWAN 3 gateways,0.2,3343,30,100,1000000,215,3595,153778,1155,0,3595,3372,7,-3373,0,0
Multihop 1 gateways,0.3,4733,234,100,1000000,215,5083,504866,1155,41,0,4967,7,2,73,0.997518
LoraWAN 1 gateways,0.3,1558,16,100,1000000,215,5002,71668,1155,0,3428,1574,7,0,0,0
LoraWAN 2 gateways,0.3,3251,36,100,1000000,215,5002,149546,1155,0,5002,3287,7,-3287,0,0
LoraWAN 3 gateways,0.3,4658,56,100,1000000,215,5002,214268,1155,0,5002,4710,7,-4714,0,0
Multihop 1 gateways,0.4,5920,299,100,1000000,215,6403,624728,1155,46,0,6219,7,8,130,0.997481
LoraWAN 1 gateways,0.4,1923,20,100,1000000,215,6204,88458,1155,0,4261,1943,7,0,0,0
LoraWAN 2 gateways,0.4,4014,72,100,1000000,215,6204,184644,1155,0,6204,4086,7,-4086,0,0
LoraWAN 3 gateways,0.4,5743,98,100,1000000,215,6204,264178,1155,0,6204,5837,7,-5841,0,0
Multihop 1 gateways,0.5,6898,398,100,1000000,215,7521,725132,1155,60,0,7296,7,12,153,0.997049
LoraWAN 1 gateways,0.5,2168,47,100,1000000,215,7238,99728,1155,0,5023,2215,7,0,0,0
LoraWAN 2 gateways,0.5,4707,87,100,1000000,215,7238,216522,1155,0,7238,4794,7,-4794,0,0
LoraWAN 3 gateways,0.5,6633,154,100,1000000,215,7238,305118,1155,0,7238,6782,7,-6787,0,0
Multihop 1 gateways,0.6,7704,573,100,1000000,215,8605,804979,1155,108,0,8278,7,13,207,0.988476
LoraWAN 1 gateways,0.6,2484,66,100,1000000,215,8155,114264,1155,0,5605,2550,7,0,0,0
LoraWAN 2 gateways,0.6,5277,107,100,1000000,215,8155,242742,1155,0,8155,5384,7,-5384,0,0
LoraWAN 3 gateways,0.6,7492,184,100,1000000,215,8155,344632,1155,0,8155,7669,7,-7676,0,0
Multihop 1 gateways,0.7,8250,885,100,1000000,215,9529,865236,1155,103,0,9135,7,12,279,0.985978
LoraWAN 1 gateways,0.7,2691,80,100,1000000,215,8948,123786,1155,0,6176,2772,7,1,0,0
LoraWAN 2 gateways,0.7,5791,127,100,1000000,215,8948,266386,1155,0,8948,5919,7,-5918,0,0
LoraWAN 3 gateways,0.7,8236,197,100,1000000,215,8948,378856,1155,0,8948,8431,7,-8433,0,0
Multihop 1 gateways,0.8,8536,1468,100,1000000,215,10457,885064,1155,133,0,10004,7,10,310,0.985152
LoraWAN 1 gateways,0.8,2924,58,100,1000000,215,9681,134504,1155,0,6698,2983,7,1,0,0
LoraWAN 2 gateways,0.8,6202,158,100,1000000,215,9681,285292,1155,0,9681,6361,7,-6360,0,0
LoraWAN 3 gateways,0.8,8916,193,100,1000000,215,9681,410136,1155,0,9681,9105,7,-9109,0,0
Multihop 1 gateways,0.9,9530,1165,100,1000000,215,11259,988408,1155,178,0,10697,7,16,370,0.983584
LoraWAN 1 gateways,0.9,3079,99,100,1000000,215,10285,141634,1155,0,7107,3178,7,0,0,0
LoraWAN 2 gateways,0.9,6581,160,100,1000000,215,10285,302726,1155,0,10285,6741,7,-6741,0,0
LoraWAN 3 gateways,0.9,9419,223,100,1000000,215,10285,433274,1155,0,10285,9634,7,-9642,0,0
Multihop 1 gateways,1,10298,1081,100,1000000,215,11995,1059156,1155,190,0,11380,7,8,418,0.982572
LoraWAN 1 gateways,1,3194,161,100,1000000,215,10852,146924,1155,0,7497,3355,7,0,0,0
LoraWAN 2 gateways,1,6958,218,100,1000000,215,10852,320068,1155,0,10852,7176,7,-7176,0,0
LoraWAN 3 gateways,1,9931,295,100,1000000,215,10852,456826,1155,0,10852,10214,7,-10226,0,0
Multihop 1 gateways,0.1,1849,34,100,1000000,215,1919,232217,1155,4,0,1883,7,0,32,0.999154
LoraWAN 1 gateways,0.1,576,8,100,1000000,215,1917,26496,1155,0,1333,584,7,0,0,0
LoraWAN 2 gateways,0.1,1656,7,100,1000000,215,1917,76176,1155,0,1917,1663,7,-1663,0,0
LoraWAN 3 gateways,0.1,1755,9,100,1000000,215,1917,80730,1155,0,1917,1762,7,-1764,0,0
Multihop 1 gateways,0.2,3383,106,100,1000000,215,3619,425831,1155,36,0,3489,7,5,89,0.998823
LoraWAN 1 gateways,0.2,1122,10,100,1000000,215,3595,51612,1155,0,2463,1132,7,0,0,0
LoraWAN 2 gateways,0.2,3112,23,100,1000000,215,3595,143152,1155,0,3595,3135,7,-3135,0,0
LoraWAN 3 gateways,0.2,3294,32,100,1000000,215,3595,151524,1155,0,3595,3322,7,-3326,0,0
Multihop 1 gateways,0.3,4624,211,100,1000000,215,5086,573237,1155,73,0,4835,7,11,167,0.998039
LoraWAN 1 gateways,0.3,1541,26,100,1000000,215,5002,70886,1155,0,3435,1567,7,0,0,0
LoraWAN 2 gateways,0.3,4302,41,100,1000000,215,5002,197892,1155,0,5002,4343,7,-4343,0,0
LoraWAN 3 gateways,0.3,4548,53,100,1000000,215,5002,209208,1155,0,5002,4593,7,-4601,0,0
Multihop 1 gateways,0.4,5580,444,100,1000000,215,6409,680270,1155,124,0,6024,7,3,258,0.997167
LoraWAN 1 gateways,0.4,1888,46,100,1000000,215,6204,86848,1155,0,4270,1934,7,0,0,0
LoraWAN 2 gateways,0.4,5328,83,100,1000000,215,6204,245088,1155,0,6204,5411,7,-5411,0,0
LoraWAN 3 gateways,0.4,5624,112,100,1000000,215,6204,258704,1155,0,6204,5713,7,-5736,0,0
Multihop 1 gateways,0.5,6593,487,100,1000000,215,7562,808042,1155,158,0,7081,7,8,316,0.996037
LoraWAN 1 gateways,0.5,2202,55,100,1000000,215,7238,101292,1155,0,4981,2257,7,0,0,0
LoraWAN 2 gateways,0.5,6215,102,100,1000000,215,7238,285890,1155,0,7238,6317,7,-6317,0,0
LoraWAN 3 gateways,0.5,6591,136,100,1000000,215,7238,303186,1155,0,7238,6693,7,-6727,0,0
Multihop 1 gateways,0.6,6916,1035,100,1000000,215,8629,815534,1155,209,0,7953,7,25,444,0.986093
LoraWAN 1 gateways,0.6,2476,62,100,1000000,215,8155,113896,1155,0,5617,2538,7,0,0,0
LoraWAN 2 gateways,0.6,6944,165,100,1000000,215,8155,319424,1155,0,8155,7109,7,-7109,0,0
LoraWAN 3 gateways,0.6,7363,190,100,1000000,215,8155,338698,1155,0,8155,7516,7,-7553,0,0
Multihop 1 gateways,0.7,8101,718,100,1000000,215,9566,973556,1155,210,0,8819,7,11,526,0.99423
LoraWAN 1 gateways,0.7,2676,94,100,1000000,215,8948,123096,1155,0,6178,2770,7,0,0,0
LoraWAN 2 gateways,0.7,7613,173,100,1000000,215,8948,350198,1155,0,8948,7787,7,-7786,0,0
LoraWAN 3 gateways,0.7,8050,237,100,1000000,215,8948,370300,1155,0,8948,8237,7,-8287,0,0
Multihop 1 gateways,0.8,9064,497,100,1000000,215,10490,1094827,1155,289,0,9561,7,29,611,0.994988
LoraWAN 1 gateways,0.8,2929,88,100,1000000,215,9681,134734,1155,0,6664,3017,7,0,0,0
LoraWAN 2 gateways,0.8,8189,209,100,1000000,215,9681,376694,1155,0,9681,8398,7,-8398,0,0
LoraWAN 3 gateways,0.8,8711,225,100,1000000,215,9681,400706,1155,0,9681,8883,7,-8936,0,0
Multihop 1 gateways,0.9,9507,797,100,1000000,215,11343,1150579,1155,307,0,10304,7,15,717,0.996611
LoraWAN 1 gateways,0.9,3056,121,100,1000000,215,10285,140576,1155,0,7108,3177,7,0,0,0
LoraWAN 2 gateways,0.9,8782,184,100,1000000,215,10285,403972,1155,0,10285,8966,7,-8966,0,0
LoraWAN 3 gateways,0.9,9270,254,100,1000000,215,10285,426420,1155,0,10285,9478,7,-9524,0,0
Multihop 1 gateways,1,10086,814,100,1000000,215,12105,1201306,1155,349,0,10900,7,31,825,0.994825
LoraWAN 1 gateways,1,3218,116,100,1000000,215,10852,148028,1155,0,7518,3334,7,0,0,0
LoraWAN 2 gateways,1,9172,277,100,1000000,215,10852,421912,1155,0,10852,9449,7,-9449,0,0
LoraWAN 3 gateways,1,9796,253,100,1000000,215,10852,450616,1155,0,10852,9992,7,-10049,0,0
Multihop 1 gateways,0.1,1909,18,100,1000000,215,1919,232634,1155,10,0,1882,7,-45,27,0.998986
LoraWAN 1 gateways,0.1,507,2,100,1000000,215,1917,23322,1155,0,1408,509,7,0,0,0
LoraWAN 2 gateways,0.1,1412,12,100,1000000,215,1917,64952,1155,0,1917,1424,7,-1424,0,0
LoraWAN 3 gateways,0.1,1838,9,100,1000000,215,1917,84548,1155,0,1917,1846,7,-1847,0,0
Multihop 1 gateways,0.2,3478,125,100,1000000,215,3624,435916,1155,34,0,3538,7,-64,51,0.999665
LoraWAN 1 gateways,0.2,954,12,100,1000000,215,3595,43884,1155,0,2629,966,7,0,0,0
LoraWAN 2 gateways,0.2,2686,25,100,1000000,215,3595,123556,1155,0,3595,2711,7,-2711,0,0
LoraWAN 3 gateways,0.2,3428,37,100,1000000,215,3595,157688,1155,0,3595,3462,7,-3465,0,0
Multihop 1 gateways,0.3,4917,121,100,1000000,215,5087,599763,1155,38,0,4930,7,-106,117,0.998128
LoraWAN 1 gateways,0.3,1352,20,100,1000000,215,5002,62192,1155,0,3630,1372,7,0,0,0
LoraWAN 2 gateways,0.3,3671,58,100,1000000,215,5002,168866,1155,0,5002,3729,7,-3729,0,0
LoraWAN 3 gateways,0.3,4755,51,100,1000000,215,5002,218730,1155,0,5002,4803,7,-4806,0,0
Multihop 1 gateways,0.4,5918,383,100,1000000,215,6435,724799,1155,88,0,6171,7,-123,169,0.998628
LoraWAN 1 gateways,0.4,1654,18,100,1000000,215,6204,76084,1155,0,4532,1672,7,0,0,0
LoraWAN 2 gateways,0.4,4568,78,100,1000000,215,6204,210128,1155,0,6204,4646,7,-4646,0,0
LoraWAN 3 gateways,0.4,5858,98,100,1000000,215,6204,269468,1155,0,6204,5953,7,-5956,0,0
Multihop 1 gateways,0.5,6751,576,100,1000000,215,7579,816656,1155,135,0,7167,7,-154,271,0.998229
LoraWAN 1 gateways,0.5,1915,38,100,1000000,215,7238,88090,1155,0,5285,1953,7,0,0,0
LoraWAN 2 gateways,0.5,5314,120,100,1000000,215,7238,244444,1155,0,7238,5434,7,-5434,0,0
LoraWAN 3 gateways,0.5,6855,115,100,1000000,215,7238,315330,1155,0,7238,6963,7,-6970,0,0
Multihop 1 gateways,0.6,7623,706,100,1000000,215,8648,917713,1155,145,0,8170,7,-152,326,0.997212
LoraWAN 1 gateways,0.6,2182,34,100,1000000,215,8155,100372,1155,0,5939,2216,7,0,0,0
LoraWAN 2 gateways,0.6,5971,138,100,1000000,215,8155,274666,1155,0,8155,6109,7,-6109,0,0
LoraWAN 3 gateways,0.6,7660,185,100,1000000,215,8155,352360,1155,0,8155,7831,7,-7845,0,0
Multihop 1 gateways,0.7,8462,720,100,1000000,215,9629,1017425,1155,203,0,8991,7,-176,420,0.996358
LoraWAN 1 gateways,0.7,2340,57,100,1000000,215,8948,107640,1155,0,6551,2397,7,0,0,0
LoraWAN 2 gateways,0.7,6513,205,100,1000000,215,8948,299598,1155,0,8948,6719,7,-6718,0,0
LoraWAN 3 gateways,0.7,8355,255,100,1000000,215,8948,384330,1155,0,8948,8598,7,-8610,0,0
Multihop 1 gateways,0.8,9183,870,100,1000000,215,10565,1094554,1155,216,0,9856,7,-191,487,0.994994
LoraWAN 1 gateways,0.8,2528,82,100,1000000,215,9681,116288,1155,0,7070,2611,7,1,0,0
LoraWAN 2 gateways,0.8,7046,241,100,1000000,215,9681,324116,1155,0,9681,7288,7,-7287,0,0
LoraWAN 3 gateways,0.8,9046,249,100,1000000,215,9681,416116,1155,0,9681,9281,7,-9295,0,0
Multihop 1 gateways,0.9,10066,785,100,1000000,215,11423,1204468,1155,229,0,10636,7,-204,547,0.995586
LoraWAN 1 gateways,0.9,2680,61,100,1000000,215,10285,123280,1155,0,7544,2741,7,0,0,0
LoraWAN 2 gateways,0.9,7520,247,100,1000000,215,10285,345920,1155,0,10285,7767,7,-7767,0,0
LoraWAN 3 gateways,0.9,9648,261,100,1000000,215,10285,443808,1155,0,10285,9886,7,-9909,0,0
Multihop 1 gateways,1,10218,1251,100,1000000,215,12180,1204156,1155,298,0,11230,7,-224,637,0.995655
LoraWAN 1 gateways,1,2869,66,100,1000000,215,10852,131974,1155,0,7917,2935,7,0,0,0
LoraWAN 2 gateways,1,7891,244,100,1000000,215,10852,362986,1155,0,10852,8135,7,-8135,0,0
LoraWAN 3 gateways,1,10110,315,100,1000000,215,10852,465060,1155,0,10852,10398,7,-10425,0,0
Multihop 1 gateways,0.1,1867,34,100,1000000,215,1919,215140,1155,6,0,1901,7,1,11,0.998987
LoraWAN 1 gateways,0.1,443,6,100,1000000,215,1917,20378,1155,0,1468,449,7,0,0,0
LoraWAN 2 gateways,0.1,1536,9,100,1000000,215,1917,70656,1155,0,1917,1545,7,-1545,0,0
LoraWAN 3 gateways,0.1,1858,11,100,1000000,215,1917,85468,1155,0,1917,1868,7,-1869,0,0
Multihop 1 gateways,0.2,3432,99,100,1000000,215,3624,397704,1155,35,0,3531,7,3,55,0.998255
LoraWAN 1 gateways,0.2,769,4,100,1000000,215,3595,35374,1155,0,2822,773,7,0,0,0
LoraWAN 2 gateways,0.2,2861,28,100,1000000,215,3595,131606,1155,0,3595,2889,7,-2889,0,0
LoraWAN 3 gateways,0.2,3514,22,100,1000000,215,3595,161644,1155,0,3595,3532,7,-3536,0,0
Multihop 1 gateways,0.3,4775,160,100,1000000,215,5097,553153,1155,71,0,4935,7,5,86,0.99832
LoraWAN 1 gateways,0.3,1107,10,100,1000000,215,5002,50922,1155,0,3885,1117,7,0,0,0
LoraWAN 2 gateways,0.3,4005,53,100,1000000,215,5002,184230,1155,0,5002,4058,7,-4058,0,0
LoraWAN 3 gateways,0.3,4840,66,100,1000000,215,5002,222640,1155,0,5002,4897,7,-4906,0,0
Multihop 1 gateways,0.4,5787,396,100,1000000,215,6427,664131,1155,97,0,6184,7,8,139,0.997964
LoraWAN 1 gateways,0.4,1299,16,100,1000000,215,6204,59754,1155,0,4889,1315,7,0,0,0
LoraWAN 2 gateways,0.4,4919,100,100,1000000,215,6204,226274,1155,0,6204,5019,7,-5019,0,0
LoraWAN 3 gateways,0.4,6011,74,100,1000000,215,6204,276506,1155,0,6204,6075,7,-6085,0,0
Multihop 1 gateways,0.5,6770,425,100,1000000,215,7561,765958,1155,126,0,7195,7,17,223,0.997124
LoraWAN 1 gateways,0.5,1548,30,100,1000000,215,7238,71208,1155,0,5660,1578,7,0,0,0
LoraWAN 2 gateways,0.5,5733,104,100,1000000,215,7238,263718,1155,0,7238,5837,7,-5837,0,0
LoraWAN 3 gateways,0.5,6942,165,100,1000000,215,7238,319332,1155,0,7238,7089,7,-7107,0,0
Multihop 1 gateways,0.6,7517,656,100,1000000,215,8635,846052,1155,183,0,8173,7,16,263,0.995657
LoraWAN 1 gateways,0.6,1799,36,100,1000000,215,8155,82754,1155,0,6320,1835,7,0,0,0
LoraWAN 2 gateways,0.6,6495,160,100,1000000,215,8155,298770,1155,0,8155,6655,7,-6655,0,0
LoraWAN 3 gateways,0.6,7916,107,100,1000000,215,8155,364136,1155,0,8155,8004,7,-8023,0,0
Multihop 1 gateways,0.7,8256,762,100,1000000,215,9574,924054,1155,229,0,9018,7,15,312,0.991239
LoraWAN 1 gateways,0.7,1927,26,100,1000000,215,8948,88642,1155,0,6995,1953,7,0,0,0
LoraWAN 2 gateways,0.7,7101,162,100,1000000,215,8948,326646,1155,0,8948,7264,7,-7263,0,0
LoraWAN 3 gateways,0.7,8616,174,100,1000000,215,8948,396336,1155,0,8948,8768,7,-8790,0,0
Multihop 1 gateways,0.8,8944,914,100,1000000,215,10506,994628,1155,225,0,9858,7,32,391,0.990264
LoraWAN 1 gateways,0.8,2101,36,100,1000000,215,9681,96646,1155,0,7544,2137,7,0,0,0
LoraWAN 2 gateways,0.8,7632,190,100,1000000,215,9681,351072,1155,0,9681,7823,7,-7822,0,0
LoraWAN 3 gateways,0.8,9312,206,100,1000000,215,9681,428352,1155,0,9681,9487,7,-9518,0,0
Multihop 1 gateways,0.9,9814,835,100,1000000,215,11343,1094828,1155,232,0,10650,7,33,429,0.994483
LoraWAN 1 gateways,0.9,2235,26,100,1000000,215,10285,102810,1155,0,8024,2261,7,0,0,0
LoraWAN 2 gateways,0.9,8082,253,100,1000000,215,10285,371772,1155,0,10285,8335,7,-8335,0,0
LoraWAN 3 gateways,0.9,9900,193,100,1000000,215,10285,455400,1155,0,10285,10080,7,-10093,0,0
Multihop 1 gateways,1,10327,898,100,1000000,215,12067,1144621,1155,299,0,11225,7,25,518,0.991392
LoraWAN 1 gateways,1,2321,56,100,1000000,215,10852,106766,1155,0,8475,2377,7,0,0,0
LoraWAN 2 gateways,1,8505,273,100,1000000,215,10852,391230,1155,0,10852,8778,7,-8778,0,0
LoraWAN 3 gateways,1,10441,222,100,1000000,215,10852,480286,1155,0,10852,10648,7,-10663,0,0
Multihop 1 gateways,0.1,1872,22,100,1000000,215,1919,205463,1155,8,0,1894,7,3,14,0.999856
LoraWAN 1 gateways,0.1,613,6,100,1000000,215,1917,28198,1155,0,1298,619,7,0,0,0
LoraWAN 2 gateways,0.1,1439,12,100,1000000,215,1917,66194,1155,0,1917,1451,7,-1451,0,0
LoraWAN 3 gateways,0.1,1834,6,100,1000000,215,1917,84364,1155,0,1917,1840,7,-1840,0,0
Multihop 1 gateways,0.2,3424,140,100,1000000,215,3619,370009,1155,17,0,3564,7,3,35,0.99867
LoraWAN 1 gateways,0.2,1132,12,100,1000000,215,3595,52072,1155,0,2451,1144,7,0,0,0
LoraWAN 2 gateways,0.2,2731,27,100,1000000,215,3595,125626,1155,0,3595,2758,7,-2758,0,0
LoraWAN 3 gateways,0.2,3427,33,100,1000000,215,3595,157642,1155,0,3595,3460,7,-3460,0,0
Multihop 1 gateways,0.3,4632,311,100,1000000,215,5078,483879,1155,36,0,4943,7,2,97,0.997901
LoraWAN 1 gateways,0.3,1616,28,100,1000000,215,5002,74336,1155,0,3358,1644,7,0,0,0
LoraWAN 2 gateways,0.3,3800,54,100,1000000,215,5002,174800,1155,0,5002,3854,7,-3854,0,0
LoraWAN 3 gateways,0.3,4773,37,100,1000000,215,5002,219558,1155,0,5002,4810,7,-4810,0,0
Multihop 1 gateways,0.4,5798,371,100,1000000,215,6376,619046,1155,62,0,6171,7,14,131,0.998005
LoraWAN 1 gateways,0.4,1913,54,100,1000000,215,6204,87998,1155,0,4237,1967,7,0,0,0
LoraWAN 2 gateways,0.4,4698,73,100,1000000,215,6204,216108,1155,0,6204,4771,7,-4771,0,0
LoraWAN 3 gateways,0.4,5871,82,100,1000000,215,6204,270066,1155,0,6204,5953,7,-5953,0,0
Multihop 1 gateways,0.5,6641,611,100,1000000,215,7517,691292,1155,86,0,7254,7,18,161,0.993706
LoraWAN 1 gateways,0.5,2262,66,100,1000000,215,7238,104052,1155,0,4910,2328,7,0,0,0
LoraWAN 2 gateways,0.5,5481,83,100,1000000,215,7238,252126,1155,0,7238,5564,7,-5564,0,0
LoraWAN 3 gateways,0.5,6827,137,100,1000000,215,7238,314042,1155,0,7238,6964,7,-6964,0,0
Multihop 1 gateways,0.6,7619,640,100,1000000,215,8592,803831,1155,106,0,8259,7,15,212,0.996467
LoraWAN 1 gateways,0.6,2561,63,100,1000000,215,8155,117806,1155,0,5531,2624,7,0,0,0
LoraWAN 2 gateways,0.6,6182,104,100,1000000,215,8155,284372,1155,0,8155,6286,7,-6286,0,0
LoraWAN 3 gateways,0.6,7670,157,100,1000000,215,8155,352820,1155,0,8155,7827,7,-7827,0,0
Multihop 1 gateways,0.7,8380,693,100,1000000,215,9518,868486,1155,123,0,9074,7,21,301,0.991566
LoraWAN 1 gateways,0.7,2764,84,100,1000000,215,8948,127144,1155,0,6100,2848,7,0,0,0
LoraWAN 2 gateways,0.7,6692,182,100,1000000,215,8948,307832,1155,0,8948,6875,7,-6874,0,0
LoraWAN 3 gateways,0.7,8395,196,100,1000000,215,8948,386170,1155,0,8948,8592,7,-8591,0,0
Multihop 1 gateways,0.8,9140,772,100,1000000,215,10430,954999,1155,141,0,9912,7,27,350,0.996715
LoraWAN 1 gateways,0.8,3047,108,100,1000000,215,9681,140162,1155,0,6525,3156,7,1,0,0
LoraWAN 2 gateways,0.8,7271,195,100,1000000,215,9681,334466,1155,0,9681,7467,7,-7466,0,0
LoraWAN 3 gateways,0.8,9110,202,100,1000000,215,9681,419060,1155,0,9681,9313,7,-9312,0,0
Multihop 1 gateways,0.9,9650,1008,100,1000000,215,11222,1006119,1155,142,0,10659,7,12,410,0.993931
LoraWAN 1 gateways,0.9,3205,73,100,1000000,215,10285,147430,1155,0,7007,3278,7,0,0,0
LoraWAN 2 gateways,0.9,7694,203,100,1000000,215,10285,353924,1155,0,10285,7897,7,-7897,0,0
LoraWAN 3 gateways,0.9,9648,231,100,1000000,215,10285,443808,1155,0,10285,9879,7,-9879,0,0
Multihop 1 gateways,1,10041,1298,100,1000000,215,11968,1030263,1155,174,0,11339,7,21,434,0.984259
LoraWAN 1 gateways,1,3372,85,100,1000000,215,10852,155112,1155,0,7395,3457,7,0,0,0
LoraWAN 2 gateways,1,8106,243,100,1000000,215,10852,372876,1155,0,10852,8349,7,-8349,0,0
LoraWAN 3 gateways,1,10169,246,100,1000000,215,10852,467774,1155,0,10852,10415,7,-10415,0,0
Multihop 1 gateways,0.1,1894,16,100,1000000,215,1919,186951,1155,4,0,1910,7,0,5,0.999945
LoraWAN 1 gateways,0.1,683,2,100,1000000,215,1917,31418,1155,0,1232,685,7,0,0,0
LoraWAN 2 gateways,0.1,1230,7,100,1000000,215,1917,56580,1155,0,1917,1237,7,-1237,0,0
LoraWAN 3 gateways,0.1,1817,14,100,1000000,215,1917,83582,1155,0,1917,1829,7,-1831,0,0
Multihop 1 gateways,0.2,3497,98,100,1000000,215,3623,350581,1155,12,0,3595,7,1,15,0.999516
LoraWAN 1 gateways,0.2,1220,12,100,1000000,215,3595,56120,1155,0,2363,1232,7,0,0,0
LoraWAN 2 gateways,0.2,2245,14,100,1000000,215,3595,103270,1155,0,3595,2259,7,-2259,0,0
LoraWAN 3 gateways,0.2,3390,27,100,1000000,215,3595,155940,1155,0,3595,3413,7,-3417,0,0
Multihop 1 gateways,0.3,4821,196,100,1000000,215,5071,475094,1155,13,0,5017,7,0,41,0.999696
LoraWAN 1 gateways,0.3,1663,26,100,1000000,215,5002,76498,1155,0,3313,1689,7,0,0,0
LoraWAN 2 gateways,0.3,3112,25,100,1000000,215,5002,143152,1155,0,5002,3137,7,-3137,0,0
LoraWAN 3 gateways,0.3,4717,57,100,1000000,215,5002,216982,1155,0,5002,4757,7,-4774,0,0
Multihop 1 gateways,0.4,5847,433,100,1000000,215,6378,579713,1155,32,0,6281,7,1,65,0.997766
LoraWAN 1 gateways,0.4,2025,47,100,1000000,215,6204,93150,1155,0,4132,2072,7,0,0,0
LoraWAN 2 gateways,0.4,3918,45,100,1000000,215,6204,180228,1155,0,6204,3963,7,-3963,0,0
LoraWAN 3 gateways,0.4,5830,82,100,1000000,215,6204,268180,1155,0,6204,5896,7,-5912,0,0
Multihop 1 gateways,0.5,6751,661,100,1000000,215,7514,661279,1155,29,0,7413,7,5,68,0.999156
LoraWAN 1 gateways,0.5,2388,66,100,1000000,215,7238,109848,1155,0,4784,2454,7,0,0,0
LoraWAN 2 gateways,0.5,4496,67,100,1000000,215,7238,206816,1155,0,7238,4563,7,-4563,0,0
LoraWAN 3 gateways,0.5,6778,126,100,1000000,215,7238,311788,1155,0,7238,6871,7,-6904,0,0
Multihop 1 gateways,0.6,7436,926,100,1000000,215,8544,725548,1155,64,0,8362,7,0,118,0.998228
LoraWAN 1 gateways,0.6,2732,68,100,1000000,215,8155,125672,1155,0,5355,2800,7,0,0,0
LoraWAN 2 gateways,0.6,5019,91,100,1000000,215,8155,230874,1155,0,8155,5110,7,-5110,0,0
LoraWAN 3 gateways,0.6,7643,140,100,1000000,215,8155,351578,1155,0,8155,7754,7,-7783,0,0
Multihop 1 gateways,0.7,8437,854,100,1000000,215,9468,822248,1155,29,0,9293,7,6,142,0.996567
LoraWAN 1 gateways,0.7,2876,102,100,1000000,215,8948,132296,1155,0,5970,2978,7,0,0,0
LoraWAN 2 gateways,0.7,5541,93,100,1000000,215,8948,254886,1155,0,8948,5635,7,-5634,0,0
LoraWAN 3 gateways,0.7,8370,168,100,1000000,215,8948,385020,1155,0,8948,8501,7,-8538,0,0
Multihop 1 gateways,0.8,9284,840,100,1000000,215,10374,896115,1155,88,0,10125,7,3,159,0.997333
LoraWAN 1 gateways,0.8,3230,80,100,1000000,215,9681,148580,1155,0,6371,3310,7,0,0,0
LoraWAN 2 gateways,0.8,5950,115,100,1000000,215,9681,273700,1155,0,9681,6066,7,-6065,0,0
LoraWAN 3 gateways,0.8,9027,190,100,1000000,215,9681,415242,1155,0,9681,9177,7,-9217,0,0
Multihop 1 gateways,0.9,10061,852,100,1000000,215,11196,972858,1155,85,0,10913,7,3,195,0.998556
LoraWAN 1 gateways,0.9,3380,122,100,1000000,215,10285,155480,1155,0,6783,3502,7,0,0,0
LoraWAN 2 gateways,0.9,6326,157,100,1000000,215,10285,290996,1155,0,10285,6483,7,-6483,0,0
LoraWAN 3 gateways,0.9,9587,221,100,1000000,215,10285,441002,1155,0,10285,9776,7,-9808,0,0
Multihop 1 gateways,1,10340,1223,100,1000000,215,11889,997583,1155,88,0,11564,7,4,234,0.996633
LoraWAN 1 gateways,1,3535,146,100,1000000,215,10852,162610,1155,0,7171,3681,7,0,0,0
LoraWAN 2 gateways,1,6655,144,100,1000000,215,10852,306130,1155,0,10852,6799,7,-6799,0,0
LoraWAN 3 gateways,1,10119,263,100,1000000,215,10852,465474,1155,0,10852,10321,7,-10382,0,0
Multihop 1 gateways,0.1,1902,28,100,1000000,215,1919,211780,1155,6,0,1905,7,-23,6,0.999868
LoraWAN 1 gateways,0.1,592,2,100,1000000,215,1917,27232,1155,0,1323,594,7,0,0,0
LoraWAN 2 gateways,0.1,1389,9,100,1000000,215,1917,63894,1155,0,1917,1398,7,-1398,0,0
LoraWAN 3 gateways,0.1,1812,11,100,1000000,215,1917,83352,1155,0,1917,1821,7,-1823,0,0
Multihop 1 gateways,0.2,3480,133,100,1000000,215,3624,386149,1155,16,0,3575,7,-38,33,0.999665
LoraWAN 1 gateways,0.2,1013,4,100,1000000,215,3595,46598,1155,0,2578,1017,7,0,0,0
LoraWAN 2 gateways,0.2,2627,33,100,1000000,215,3595,120842,1155,0,3595,2660,7,-2660,0,0
LoraWAN 3 gateways,0.2,3413,27,100,1000000,215,3595,156998,1155,0,3595,3437,7,-3440,0,0
Multihop 1 gateways,0.3,4850,200,100,1000000,215,5095,531255,1155,28,0,4993,7,-54,71,0.999896
LoraWAN 1 gateways,0.3,1470,28,100,1000000,215,5002,67620,1155,0,3504,1498,7,0,0,0
LoraWAN 2 gateways,0.3,3668,40,100,1000000,215,5002,168728,1155,0,5002,3708,7,-3708,0,0
LoraWAN 3 gateways,0.3,4713,59,100,1000000,215,5002,216798,1155,0,5002,4762,7,-4772,0,0
Multihop 1 gateways,0.4,5991,291,100,1000000,215,6403,663642,1155,52,0,6228,7,-50,119,0.999457
LoraWAN 1 gateways,0.4,1793,54,100,1000000,215,6204,82478,1155,0,4357,1847,7,0,0,0
LoraWAN 2 gateways,0.4,4456,73,100,1000000,215,6204,204976,1155,0,6204,4529,7,-4529,0,0
LoraWAN 3 gateways,0.4,5814,71,100,1000000,215,6204,267444,1155,0,6204,5874,7,-5885,0,0
Multihop 1 gateways,0.5,6919,453,100,1000000,215,7568,756763,1155,83,0,7306,7,-59,172,0.999395
LoraWAN 1 gateways,0.5,2107,64,100,1000000,215,7238,96922,1155,0,5067,2171,7,0,0,0
LoraWAN 2 gateways,0.5,5188,95,100,1000000,215,7238,238648,1155,0,7238,5283,7,-5283,0,0
LoraWAN 3 gateways,0.5,6779,117,100,1000000,215,7238,311834,1155,0,7238,6874,7,-6896,0,0
Multihop 1 gateways,0.6,7840,520,100,1000000,215,8627,854197,1155,108,0,8276,7,-75,234,0.999483
LoraWAN 1 gateways,0.6,2391,49,100,1000000,215,8155,109986,1155,0,5715,2440,7,0,0,0
LoraWAN 2 gateways,0.6,5794,123,100,1000000,215,8155,266524,1155,0,8155,5917,7,-5917,0,0
LoraWAN 3 gateways,0.6,7651,122,100,1000000,215,8155,351946,1155,0,8155,7755,7,-7773,0,0
Multihop 1 gateways,0.7,8394,820,100,1000000,215,9538,915454,1155,111,0,9135,7,-68,281,0.99811
LoraWAN 1 gateways,0.7,2595,57,100,1000000,215,8948,119370,1155,0,6296,2652,7,0,0,0
LoraWAN 2 gateways,0.7,6367,184,100,1000000,215,8948,292882,1155,0,8948,6552,7,-6551,0,0
LoraWAN 3 gateways,0.7,8368,166,100,1000000,215,8948,384928,1155,0,8948,8511,7,-8534,0,0
Multihop 1 gateways,0.8,9432,644,100,1000000,215,10486,1020746,1155,172,0,9982,7,-80,318,0.999114
LoraWAN 1 gateways,0.8,2803,83,100,1000000,215,9681,128938,1155,0,6795,2886,7,0,0,0
LoraWAN 2 gateways,0.8,6924,164,100,1000000,215,9681,318504,1155,0,9681,7088,7,-7088,0,0
LoraWAN 3 gateways,0.8,9024,198,100,1000000,215,9681,415104,1155,0,9681,9189,7,-9222,0,0
Multihop 1 gateways,0.9,9924,920,100,1000000,215,11312,1056274,1155,182,0,10741,7,-92,378,0.998468
LoraWAN 1 gateways,0.9,2977,94,100,1000000,215,10285,136942,1155,0,7214,3071,7,0,0,0
LoraWAN 2 gateways,0.9,7312,194,100,1000000,215,10285,336352,1155,0,10285,7506,7,-7506,0,0
LoraWAN 3 gateways,0.9,9612,178,100,1000000,215,10285,442152,1155,0,10285,9763,7,-9790,0,0
Multihop 1 gateways,1,10270,1248,100,1000000,215,12049,1079024,1155,208,0,11400,7,-104,427,0.995834
LoraWAN 1 gateways,1,3164,96,100,1000000,215,10852,145544,1155,0,7592,3260,7,0,0,0
LoraWAN 2 gateways,1,7737,209,100,1000000,215,10852,355902,1155,0,10852,7946,7,-7946,0,0
LoraWAN 3 gateways,1,10100,255,100,1000000,215,10852,464600,1155,0,10852,10319,7,-10355,0,0
Multihop 1 gateways,0.1,1880,22,100,1000000,215,1919,205458,1155,4,0,1902,7,2,11,0.999003
LoraWAN 1 gateways,0.1,550,2,100,1000000,215,1917,25300,1155,0,1365,552,7,0,0,0
LoraWAN 2 gateways,0.1,1147,5,100,1000000,215,1917,52762,1155,0,1917,1152,7,-1152,0,0
LoraWAN 3 gateways,0.1,1709,2,100,1000000,215,1917,78614,1155,0,1917,1711,7,-1711,0,0
Multihop 1 gateways,0.2,3455,102,100,1000000,215,3624,377164,1155,20,0,3557,7,3,44,0.999644
LoraWAN 1 gateways,0.2,984,8,100,1000000,215,3595,45264,1155,0,2603,992,7,0,0,0
LoraWAN 2 gateways,0.2,2133,22,100,1000000,215,3595,98118,1155,0,3595,2155,7,-2155,0,0
LoraWAN 3 gateways,0.2,3218,17,100,1000000,215,3595,148028,1155,0,3595,3235,7,-3235,0,0
Multihop 1 gateways,0.3,4689,258,100,1000000,215,5080,508763,1155,42,0,4947,7,12,79,0.999567
LoraWAN 1 gateways,0.3,1397,16,100,1000000,215,5002,64262,1155,0,3589,1413,7,0,0,0
LoraWAN 2 gateways,0.3,2959,22,100,1000000,215,5002,136114,1155,0,5002,2981,7,-2981,0,0
LoraWAN 3 gateways,0.3,4471,35,100,1000000,215,5002,205666,1155,0,5002,4506,7,-4506,0,0
Multihop 1 gateways,0.4,5736,447,100,1000000,215,6395,620307,1155,85,0,6183,7,10,117,0.999691
LoraWAN 1 gateways,0.4,1648,40,100,1000000,215,6204,75808,1155,0,4516,1688,7,0,0,0
LoraWAN 2 gateways,0.4,3693,79,100,1000000,215,6204,169878,1155,0,6204,3772,7,-3772,0,0
LoraWAN 3 gateways,0.4,5502,58,100,1000000,215,6204,253092,1155,0,6204,5560,7,-5560,0,0
Multihop 1 gateways,0.5,6778,496,100,1000000,215,7540,734258,1155,67,0,7274,7,14,185,0.999714
LoraWAN 1 gateways,0.5,1964,42,100,1000000,215,7238,90344,1155,0,5232,2006,7,0,0,0
LoraWAN 2 gateways,0.5,4221,76,100,1000000,215,7238,194166,1155,0,7238,4297,7,-4297,0,0
LoraWAN 3 gateways,0.5,6390,120,100,1000000,215,7238,293940,1155,0,7238,6510,7,-6510,0,0
Multihop 1 gateways,0.6,7755,472,100,1000000,215,8591,828245,1155,102,0,8227,7,20,242,0.999292
LoraWAN 1 gateways,0.6,2277,40,100,1000000,215,8155,104742,1155,0,5838,2317,7,0,0,0
LoraWAN 2 gateways,0.6,4800,73,100,1000000,215,8155,220800,1155,0,8155,4873,7,-4873,0,0
LoraWAN 3 gateways,0.6,7175,140,100,1000000,215,8155,330050,1155,0,8155,7315,7,-7315,0,0
Multihop 1 gateways,0.7,8358,740,100,1000000,215,9507,889917,1155,119,0,9098,7,20,270,0.999354
LoraWAN 1 gateways,0.7,2435,45,100,1000000,215,8948,112010,1155,0,6468,2480,7,0,0,0
LoraWAN 2 gateways,0.7,5233,108,100,1000000,215,8948,240718,1155,0,8948,5341,7,-5341,0,0
LoraWAN 3 gateways,0.7,7890,148,100,1000000,215,8948,362940,1155,0,8948,8039,7,-8038,0,0
Multihop 1 gateways,0.8,9021,855,100,1000000,215,10394,959041,1155,186,0,9877,7,25,307,0.998918
LoraWAN 1 gateways,0.8,2646,77,100,1000000,215,9681,121716,1155,0,6958,2723,7,0,0,0
LoraWAN 2 gateways,0.8,5746,97,100,1000000,215,9681,264316,1155,0,9681,5844,7,-5843,0,0
LoraWAN 3 gateways,0.8,8550,157,100,1000000,215,9681,393300,1155,0,9681,8708,7,-8707,0,0
Multihop 1 gateways,0.9,9800,813,100,1000000,215,11242,1030058,1155,190,0,10615,7,42,397,0.99745
LoraWAN 1 gateways,0.9,2783,85,100,1000000,215,10285,128018,1155,0,7417,2868,7,0,0,0
LoraWAN 2 gateways,0.9,6012,108,100,1000000,215,10285,276552,1155,0,10285,6120,7,-6120,0,0
LoraWAN 3 gateways,0.9,9075,183,100,1000000,215,10285,417450,1155,0,10285,9258,7,-9258,0,0
Multihop 1 gateways,1,9830,1378,100,1000000,215,11953,1035708,1155,224,0,11208,7,48,473,0.993011
LoraWAN 1 gateways,1,2925,93,100,1000000,215,10852,134550,1155,0,7834,3018,7,0,0,0
LoraWAN 2 gateways,1,6378,163,100,1000000,215,10852,293388,1155,0,10852,6541,7,-6541,0,0
LoraWAN 3 gateways,1,9568,192,100,1000000,215,10852,440128,1155,0,10852,9760,7,-9760,0,0
