case,rate,decoded,non_decoded,nodes_number,life_time,maximum_trans,gen_packets,delay,max_delay,interference_in_node,out_of_range_in_ge,in_range_in_ge,max_sf,time_out,drop_p_async,fairness
Multihop 1 gateways,0.1,2251,44,120,1000000,215,2315,259127,1155,3,0,2295,7,0,17,0.999615
LoraWAN 1 gateways,0.1,703,0,120,1000000,215,2311,32338,1155,0,1608,703,7,0,0,0
LoraWAN 2 gateways,0.1,1560,4,120,1000000,215,2311,71760,1155,0,2311,1564,7,-1564,0,0
LoraWAN 3 gateways,0.1,1858,12,120,1000000,215,2311,85468,1155,0,2311,1869,7,-1870,0,0
Multihop 1 gateways,0.2,4119,180,120,1000000,215,4376,469048,1155,8,0,4299,7,11,58,0.999276
LoraWAN 1 gateways,0.2,1302,12,120,1000000,215,4337,59892,1155,0,3023,1314,7,0,0,0
LoraWAN 2 gateways,0.2,2928,25,120,1000000,215,4337,134688,1155,0,4337,2953,7,-2953,0,0
LoraWAN 3 gateways,0.2,3500,35,120,1000000,215,4337,161000,1155,0,4337,3532,7,-3535,0,0
Multihop 1 gateways,0.3,5642,324,120,1000000,215,6076,636795,1155,15,0,5967,7,10,85,0.997334
LoraWAN 1 gateways,0.3,1769,12,120,1000000,215,5959,81374,1155,0,4178,1781,7,0,0,0
LoraWAN 2 gateways,0.3,4002,57,120,1000000,215,5959,184092,1155,0,5959,4059,7,-4059,0,0
LoraWAN 3 gateways,0.3,4765,65,120,1000000,215,5959,219190,1155,0,5959,4825,7,-4830,0,0
Multihop 1 gateways,0.4,7024,444,120,1000000,215,7664,790631,1155,34,0,7468,7,13,149,0.998271
LoraWAN 1 gateways,0.4,2229,47,120,1000000,215,7421,102534,1155,0,5145,2276,7,0,0,0
LoraWAN 2 gateways,0.4,4911,79,120,1000000,215,7421,225906,1155,0,7421,4990,7,-4990,0,0
LoraWAN 3 gateways,0.4,5936,87,120,1000000,215,7421,273056,1155,0,7421,6012,7,-6023,0,0
Multihop 1 gateways,0.5,8227,568,120,1000000,215,9075,921518,1155,53,0,8795,7,10,217,0.997158
LoraWAN 1 gateways,0.5,2583,65,120,1000000,215,8686,118818,1155,0,6037,2649,7,1,0,0
LoraWAN 2 gateways,0.5,5767,104,120,1000000,215,8686,265282,1155,0,8686,5872,7,-5871,0,0
LoraWAN 3 gateways,0.5,6921,106,120,1000000,215,8686,318366,1155,0,8686,7008,7,-7027,0,0
Multihop 1 gateways,0.6,8862,1098,120,1000000,215,10329,983614,1155,75,0,9960,7,28,266,0.992761
LoraWAN 1 gateways,0.6,2836,86,120,1000000,215,9782,130456,1155,0,6860,2922,7,0,0,0
LoraWAN 2 gateways,0.6,6480,134,120,1000000,215,9782,298080,1155,0,9782,6614,7,-6614,0,0
LoraWAN 3 gateways,0.6,7753,177,120,1000000,215,9782,356638,1155,0,9782,7912,7,-7930,0,0
Multihop 1 gateways,0.7,9940,1053,120,1000000,215,11462,1103914,1155,95,0,10994,7,28,346,0.996235
LoraWAN 1 gateways,0.7,3117,70,120,1000000,215,10695,143382,1155,0,7508,3187,7,0,0,0
LoraWAN 2 gateways,0.7,7116,129,120,1000000,215,10695,327336,1155,0,10695,7245,7,-7245,0,0
LoraWAN 3 gateways,0.7,8475,190,120,1000000,215,10695,389850,1155,0,10695,8643,7,-8665,0,0
Multihop 1 gateways,0.8,10685,1295,120,1000000,215,12574,1182941,1155,123,0,11980,7,37,434,0.996406
LoraWAN 1 gateways,0.8,3332,118,120,1000000,215,11581,153272,1155,0,8131,3450,7,0,0,0
LoraWAN 2 gateways,0.8,7640,184,120,1000000,215,11581,351440,1155,0,11581,7824,7,-7824,0,0
LoraWAN 3 gateways,0.8,9160,226,120,1000000,215,11581,421360,1155,0,11581,9364,7,-9386,0,0
Multihop 1 gateways,0.9,11516,1472,120,1000000,215,13561,1277236,1155,101,0,12989,7,33,439,0.998084
LoraWAN 1 gateways,0.9,3579,150,120,1000000,215,12356,164634,1155,0,8626,3730,7,1,0,0
LoraWAN 2 gateways,0.9,8147,206,120,1000000,215,12356,374762,1155,0,12356,8355,7,-8353,0,0
LoraWAN 3 gateways,0.9,9764,284,120,1000000,215,12356,449144,1155,0,12356,10009,7,-10048,0,0
Multihop 1 gateways,1,11823,1848,120,1000000,215,14442,1301804,1155,127,0,13674,7,37,607,0.994626
LoraWAN 1 gateways,1,3765,116,120,1000000,215,13054,173190,1155,0,9173,3881,7,0,0,0
LoraWAN 2 gateways,1,8589,186,120,1000000,215,13054,395094,1155,0,13054,8776,7,-8775,0,0
LoraWAN 3 gateways,1,10252,298,120,1000000,215,13054,471592,1155,0,13054,10530,7,-10550,0,0
Multihop 1 gateways,0.1,2239,44,120,1000000,215,2316,269122,1155,8,0,2283,7,5,20,0.999888
LoraWAN 1 gateways,0.1,537,2,120,1000000,215,2311,24702,1155,0,1772,539,7,0,0,0
LoraWAN 2 gateways,0.1,1737,13,120,1000000,215,2311,79902,1155,0,2311,1750,7,-1750,0,0
LoraWAN 3 gateways,0.1,2195,12,120,1000000,215,2311,100970,1155,0,2311,2203,7,-2207,0,0
Multihop 1 gateways,0.2,4064,221,120,1000000,215,4377,491088,1155,22,0,4285,7,2,68,0.9987
LoraWAN 1 gateways,0.2,991,10,120,1000000,215,4337,45586,1155,0,3336,1001,7,0,0,0
LoraWAN 2 gateways,0.2,3256,43,120,1000000,215,4337,149776,1155,0,4337,3299,7,-3299,0,0
LoraWAN 3 gateways,0.2,4093,37,120,1000000,215,4337,188278,1155,0,4337,4121,7,-4130,0,0
Multihop 1 gateways,0.3,5532,382,120,1000000,215,6085,659566,1155,56,0,5914,7,11,104,0.99932
LoraWAN 1 gateways,0.3,1336,18,120,1000000,215,5959,61456,1155,0,4605,1354,7,0,0,0
LoraWAN 2 gateways,0.3,4550,60,120,1000000,215,5959,209300,1155,0,5959,4610,7,-4610,0,0
LoraWAN 3 gateways,0.3,5600,78,120,1000000,215,5959,257600,1155,0,5959,5661,7,-5678,0,0
Multihop 1 gateways,0.4,6905,444,120,1000000,215,7687,817567,1155,114,0,7349,7,28,196,0.998854
LoraWAN 1 gateways,0.4,1710,24,120,1000000,215,7421,78660,1155,0,5687,1734,7,0,0,0
LoraWAN 2 gateways,0.4,5536,132,120,1000000,215,7421,254656,1155,0,7421,5668,7,-5668,0,0
LoraWAN 3 gateways,0.4,6923,152,120,1000000,215,7421,318458,1155,0,7421,7042,7,-7075,0,0
Multihop 1 gateways,0.5,7983,679,120,1000000,215,9094,944594,1155,131,0,8662,7,39,262,0.998278
LoraWAN 1 gateways,0.5,1952,54,120,1000000,215,8686,89792,1155,0,6680,2006,7,0,0,0
LoraWAN 2 gateways,0.5,6532,137,120,1000000,215,8686,300472,1155,0,8686,6670,7,-6669,0,0
LoraWAN 3 gateways,0.5,8160,180,120,1000000,215,8686,375360,1155,0,8686,8267,7,-8340,0,0
Multihop 1 gateways,0.6,9027,813,120,1000000,215,10380,1057776,1155,197,0,9840,7,24,319,0.998211
LoraWAN 1 gateways,0.6,2192,32,120,1000000,215,9782,100832,1155,0,7558,2224,7,0,0,0
LoraWAN 2 gateways,0.6,7319,189,120,1000000,215,9782,336674,1155,0,9782,7508,7,-7508,0,0
LoraWAN 3 gateways,0.6,9147,217,120,1000000,215,9782,420762,1155,0,9782,9296,7,-9364,0,0
Multihop 1 gateways,0.7,9220,1657,120,1000000,215,11521,1076838,1155,180,0,10877,7,39,425,0.997627
LoraWAN 1 gateways,0.7,2375,48,120,1000000,215,10695,109250,1155,0,8272,2423,7,0,0,0
LoraWAN 2 gateways,0.7,7960,203,120,1000000,215,10695,366160,1155,0,10695,8163,7,-8163,0,0
LoraWAN 3 gateways,0.7,9965,287,120,1000000,215,10695,458390,1155,0,10695,10149,7,-10252,0,0
Multihop 1 gateways,0.8,10629,1173,120,1000000,215,12605,1238037,1155,245,0,11803,7,36,522,0.996789
LoraWAN 1 gateways,0.8,2546,38,120,1000000,215,11581,117116,1155,0,8997,2584,7,0,0,0
LoraWAN 2 gateways,0.8,8609,255,120,1000000,215,11581,396014,1155,0,11581,8864,7,-8864,0,0
LoraWAN 3 gateways,0.8,10742,359,120,1000000,215,11581,494132,1155,0,11581,11001,7,-11101,0,0
Multihop 1 gateways,0.9,11466,1218,120,1000000,215,13650,1338424,1155,302,0,12686,7,50,614,0.996605
LoraWAN 1 gateways,0.9,2733,71,120,1000000,215,12356,125718,1155,0,9552,2804,7,0,0,0
LoraWAN 2 gateways,0.9,9187,301,120,1000000,215,12356,422602,1155,0,12356,9489,7,-9488,0,0
LoraWAN 3 gateways,0.9,11477,403,120,1000000,215,12356,527942,1155,0,12356,11734,7,-11880,0,0
Multihop 1 gateways,1,11418,2122,120,1000000,215,14549,1314766,1155,255,0,13540,7,57,697,0.997408
LoraWAN 1 gateways,1,2866,84,120,1000000,215,13054,131836,1155,0,10104,2950,7,0,0,0
LoraWAN 2 gateways,1,9693,328,120,1000000,215,13054,445878,1155,0,13054,10022,7,-10021,0,0
LoraWAN 3 gateways,1,12138,406,120,1000000,215,13054,558348,1155,0,13054,12415,7,-12544,0,0
Multihop 1 gateways,0.1,2249,44,120,1000000,215,2316,252744,1155,8,0,2293,7,1,14,0.999828
LoraWAN 1 gateways,0.1,675,0,120,1000000,215,2311,31050,1155,0,1636,675,7,0,0,0
LoraWAN 2 gateways,0.1,1823,13,120,1000000,215,2311,83858,1155,0,2311,1836,7,-1836,0,0
LoraWAN 3 gateways,0.1,2137,14,120,1000000,215,2311,98302,1155,0,2311,2147,7,-2151,0,0
Multihop 1 gateways,0.2,4133,166,120,1000000,215,4377,461801,1155,16,0,4300,7,4,58,0.999558
LoraWAN 1 gateways,0.2,1274,10,120,1000000,215,4337,58604,1155,0,3053,1284,7,0,0,0
LoraWAN 2 gateways,0.2,3350,48,120,1000000,215,4337,154100,1155,0,4337,3398,7,-3398,0,0
LoraWAN 3 gateways,0.2,3969,46,120,1000000,215,4337,182574,1155,0,4337,4005,7,-4015,0,0
Multihop 1 gateways,0.3,5492,421,120,1000000,215,6076,610681,1155,54,0,5913,7,5,104,0.997893
LoraWAN 1 gateways,0.3,1685,36,120,1000000,215,5959,77510,1155,0,4238,1721,7,0,0,0
LoraWAN 2 gateways,0.3,4557,86,120,1000000,215,5959,209622,1155,0,5959,4643,7,-4643,0,0
LoraWAN 3 gateways,0.3,5456,69,120,1000000,215,5959,250976,1155,0,5959,5514,7,-5525,0,0
Multihop 1 gateways,0.4,7075,342,120,1000000,215,7656,787712,1155,64,0,7417,7,10,165,0.997793
LoraWAN 1 gateways,0.4,2143,50,120,1000000,215,7421,98578,1155,0,5228,2193,7,0,0,0
LoraWAN 2 gateways,0.4,5719,120,120,1000000,215,7421,263074,1155,0,7421,5839,7,-5839,0,0
LoraWAN 3 gateways,0.4,6804,132,120,1000000,215,7421,312984,1155,0,7421,6902,7,-6936,0,0
Multihop 1 gateways,0.5,7973,725,120,1000000,215,9048,877495,1155,102,0,8698,7,11,237,0.993888
LoraWAN 1 gateways,0.5,2454,67,120,1000000,215,8686,112884,1155,0,6165,2521,7,0,0,0
LoraWAN 2 gateways,0.5,6635,174,120,1000000,215,8686,305210,1155,0,8686,6810,7,-6809,0,0
LoraWAN 3 gateways,0.5,7919,142,120,1000000,215,8686,364274,1155,0,8686,8032,7,-8061,0,0
Multihop 1 gateways,0.6,8711,1161,120,1000000,215,10335,947715,1155,131,0,9872,7,18,314,0.997221
LoraWAN 1 gateways,0.6,2784,85,120,1000000,215,9782,128064,1155,0,6913,2869,7,0,0,0
LoraWAN 2 gateways,0.6,7437,202,120,1000000,215,9782,342102,1155,0,9782,7639,7,-7639,0,0
LoraWAN 3 gateways,0.6,8902,199,120,1000000,215,9782,409492,1155,0,9782,9043,7,-9101,0,0
Multihop 1 gateways,0.7,9988,912,120,1000000,215,11434,1094833,1155,135,0,10901,7,13,386,0.998847
LoraWAN 1 gateways,0.7,3022,94,120,1000000,215,10695,139012,1155,0,7579,3116,7,0,0,0
LoraWAN 2 gateways,0.7,8095,256,120,1000000,215,10695,372370,1155,0,10695,8351,7,-8351,0,0
LoraWAN 3 gateways,0.7,9687,243,120,1000000,215,10695,445602,1155,0,10695,9878,7,-9930,0,0
Multihop 1 gateways,0.8,10793,1106,120,1000000,215,12531,1169813,1155,179,0,11899,7,16,437,0.99529
LoraWAN 1 gateways,0.8,3272,91,120,1000000,215,11581,150512,1155,0,8218,3363,7,0,0,0
LoraWAN 2 gateways,0.8,8772,335,120,1000000,215,11581,403512,1155,0,11581,9107,7,-9107,0,0
LoraWAN 3 gateways,0.8,10528,269,120,1000000,215,11581,484288,1155,0,11581,10721,7,-10797,0,0
Multihop 1 gateways,0.9,11137,1601,120,1000000,215,13496,1197452,1155,210,0,12739,7,27,521,0.993209
LoraWAN 1 gateways,0.9,3488,128,120,1000000,215,12356,160448,1155,0,8739,3617,7,1,0,0
LoraWAN 2 gateways,0.9,9356,294,120,1000000,215,12356,430376,1155,0,12356,9651,7,-9650,0,0
LoraWAN 3 gateways,0.9,11194,311,120,1000000,215,12356,514924,1155,0,12356,11442,7,-11505,0,0
Multihop 1 gateways,1,11904,1686,120,1000000,215,14421,1270753,1155,215,0,13590,7,28,588,0.990864
LoraWAN 1 gateways,1,3606,156,120,1000000,215,13054,165876,1155,0,9292,3762,7,0,0,0
LoraWAN 2 gateways,1,9854,394,120,1000000,215,13054,453284,1155,0,13054,10249,7,-10248,0,0
LoraWAN 3 gateways,1,11785,381,120,1000000,215,13054,542110,1155,0,13054,12074,7,-12166,0,0
Multihop 1 gateways,0.1,2258,40,120,1000000,215,2316,248271,1155,10,0,2299,7,1,7,0.999847
LoraWAN 1 gateways,0.1,638,8,120,1000000,215,2311,29348,1155,0,1665,646,7,0,0,0
LoraWAN 2 gateways,0.1,1573,11,120,1000000,215,2311,72358,1155,0,2311,1584,7,-1584,0,0
LoraWAN 3 gateways,0.1,2179,3,120,1000000,215,2311,100234,1155,0,2311,2181,7,-2182,0,0
Multihop 1 gateways,0.2,4164,151,120,1000000,215,4377,453387,1155,24,0,4315,7,6,32,0.999503
LoraWAN 1 gateways,0.2,1220,24,120,1000000,215,4337,56120,1155,0,3093,1244,7,0,0,0
LoraWAN 2 gateways,0.2,2930,41,120,1000000,215,4337,134780,1155,0,4337,2971,7,-2971,0,0
LoraWAN 3 gateways,0.2,4065,38,120,1000000,215,4337,186990,1155,0,4337,4098,7,-4103,0,0
Multihop 1 gateways,0.3,5582,351,120,1000000,215,6069,600571,1155,34,0,5933,7,18,84,0.996628
LoraWAN 1 gateways,0.3,1681,26,120,1000000,215,5959,77326,1155,0,4252,1707,7,0,0,0
LoraWAN 2 gateways,0.3,4028,49,120,1000000,215,5959,185288,1155,0,5959,4077,7,-4077,0,0
LoraWAN 3 gateways,0.3,5533,90,120,1000000,215,5959,254518,1155,0,5959,5615,7,-5623,0,0
Multihop 1 gateways,0.4,6935,497,120,1000000,215,7649,746456,1155,49,0,7432,7,22,146,0.999486
LoraWAN 1 gateways,0.4,2103,41,120,1000000,215,7421,96738,1155,0,5277,2144,7,0,0,0
LoraWAN 2 gateways,0.4,5010,97,120,1000000,215,7421,230460,1155,0,7421,5107,7,-5107,0,0
LoraWAN 3 gateways,0.4,6898,134,120,1000000,215,7421,317308,1155,0,7421,7016,7,-7032,0,0
Multihop 1 gateways,0.5,8064,692,120,1000000,215,9048,861528,1155,81,0,8756,7,17,194,0.997334
LoraWAN 1 gateways,0.5,2442,58,120,1000000,215,8686,112332,1155,0,6186,2500,7,0,0,0
LoraWAN 2 gateways,0.5,5805,139,120,1000000,215,8686,267030,1155,0,8686,5945,7,-5944,0,0
LoraWAN 3 gateways,0.5,8018,179,120,1000000,215,8686,368828,1155,0,8686,8181,7,-8197,0,0
Multihop 1 gateways,0.6,8849,1043,120,1000000,215,10308,941752,1155,123,0,9893,7,32,261,0.997984
LoraWAN 1 gateways,0.6,2713,93,120,1000000,215,9782,124798,1155,0,6976,2806,7,0,0,0
LoraWAN 2 gateways,0.6,6580,160,120,1000000,215,9782,302680,1155,0,9782,6740,7,-6740,0,0
LoraWAN 3 gateways,0.6,9053,179,120,1000000,215,9782,416438,1155,0,9782,9207,7,-9232,0,0
Multihop 1 gateways,0.7,9963,974,120,1000000,215,11430,1058424,1155,123,0,10937,7,31,339,0.998216
LoraWAN 1 gateways,0.7,2966,95,120,1000000,215,10695,136436,1155,0,7634,3061,7,0,0,0
LoraWAN 2 gateways,0.7,7128,201,120,1000000,215,10695,327888,1155,0,10695,7329,7,-7329,0,0
LoraWAN 3 gateways,0.7,9845,241,120,1000000,215,10695,452870,1155,0,10695,10064,7,-10086,0,0
Multihop 1 gateways,0.8,10800,1120,120,1000000,215,12480,1140236,1155,123,0,11920,7,44,393,0.996341
LoraWAN 1 gateways,0.8,3164,100,120,1000000,215,11581,145544,1155,0,8317,3264,7,0,0,0
LoraWAN 2 gateways,0.8,7721,223,120,1000000,215,11581,355166,1155,0,11581,7944,7,-7944,0,0
LoraWAN 3 gateways,0.8,10638,292,120,1000000,215,11581,489348,1155,0,11581,10908,7,-10930,0,0
Multihop 1 gateways,0.9,11493,1315,120,1000000,215,13484,1203445,1155,184,0,12808,7,50,442,0.995474
LoraWAN 1 gateways,0.9,3404,118,120,1000000,215,12356,156584,1155,0,8834,3522,7,0,0,0
LoraWAN 2 gateways,0.9,8278,196,120,1000000,215,12356,380788,1155,0,12356,8476,7,-8474,0,0
LoraWAN 3 gateways,0.9,11374,323,120,1000000,215,12356,523204,1155,0,12356,11653,7,-11697,0,0
Multihop 1 gateways,1,12412,1203,120,1000000,215,14364,1306829,1155,203,0,13615,7,38,508,0.998927
LoraWAN 1 gateways,1,3540,109,120,1000000,215,13054,162840,1155,0,9405,3649,7,0,0,0
LoraWAN 2 gateways,1,8642,282,120,1000000,215,13054,397532,1155,0,13054,8925,7,-8924,0,0
LoraWAN 3 gateways,1,11997,363,120,1000000,215,13054,551862,1155,0,13054,12315,7,-12360,0,0
Multihop 1 gateways,0.1,2224,66,120,1000000,215,2316,290712,1155,3,0,2290,7,1,22,0.996795
LoraWAN 1 gateways,0.1,643,4,120,1000000,215,2311,29578,1155,0,1664,647,7,0,0,0
LoraWAN 2 gateways,0.1,1519,4,120,1000000,215,2311,69874,1155,0,2311,1523,7,-1523,0,0
LoraWAN 3 gateways,0.1,1888,8,120,1000000,215,2311,86848,1155,0,2311,1895,7,-1896,0,0
Multihop 1 gateways,0.2,4118,170,120,1000000,215,4378,522356,1155,20,0,4288,7,1,69,0.999234
LoraWAN 1 gateways,0.2,1184,4,120,1000000,215,4337,54464,1155,0,3149,1188,7,0,0,0
LoraWAN 2 gateways,0.2,2803,25,120,1000000,215,4337,128938,1155,0,4337,2828,7,-2828,0,0
LoraWAN 3 gateways,0.2,3481,24,120,1000000,215,4337,160126,1155,0,4337,3504,7,-3505,0,0
Multihop 1 gateways,0.3,5625,242,120,1000000,215,6088,708099,1155,54,0,5867,7,9,158,0.992032
LoraWAN 1 gateways,0.3,1548,20,120,1000000,215,5959,71208,1155,0,4391,1568,7,0,0,0
LoraWAN 2 gateways,0.3,3908,45,120,1000000,215,5959,179768,1155,0,5959,3953,7,-3953,0,0
LoraWAN 3 gateways,0.3,4846,37,120,1000000,215,5959,222916,1155,0,5959,4876,7,-4883,0,0
Multihop 1 gateways,0.4,6779,560,120,1000000,215,7686,831109,1155,79,0,7339,7,14,254,0.990542
LoraWAN 1 gateways,0.4,2007,24,120,1000000,215,7421,92322,1155,0,5390,2031,7,0,0,0
LoraWAN 2 gateways,0.4,4901,79,120,1000000,215,7421,225446,1155,0,7421,4980,7,-4980,0,0
LoraWAN 3 gateways,0.4,6056,64,120,1000000,215,7421,278576,1155,0,7421,6112,7,-6120,0,0
Multihop 1 gateways,0.5,7931,662,120,1000000,215,9094,977655,1155,134,0,8594,7,20,347,0.982713
LoraWAN 1 gateways,0.5,2310,54,120,1000000,215,8686,106260,1155,0,6322,2364,7,0,0,0
LoraWAN 2 gateways,0.5,5741,87,120,1000000,215,8686,264086,1155,0,8686,5829,7,-5828,0,0
LoraWAN 3 gateways,0.5,7021,91,120,1000000,215,8686,322966,1155,0,8686,7103,7,-7112,0,0
Multihop 1 gateways,0.6,8728,1045,120,1000000,215,10391,1070426,1155,145,0,9773,7,17,456,0.990788
LoraWAN 1 gateways,0.6,2521,79,120,1000000,215,9782,115966,1155,0,7182,2600,7,0,0,0
LoraWAN 2 gateways,0.6,6405,111,120,1000000,215,9782,294630,1155,0,9782,6516,7,-6516,0,0
LoraWAN 3 gateways,0.6,7908,112,120,1000000,215,9782,363768,1155,0,9782,8007,7,-8020,0,0
Multihop 1 gateways,0.7,9825,979,120,1000000,215,11541,1197294,1155,169,0,10805,7,13,555,0.98612
LoraWAN 1 gateways,0.7,2778,86,120,1000000,215,10695,127788,1155,0,7831,2864,7,0,0,0
LoraWAN 2 gateways,0.7,7031,187,120,1000000,215,10695,323426,1155,0,10695,7218,7,-7218,0,0
LoraWAN 3 gateways,0.7,8607,169,120,1000000,215,10695,395922,1155,0,10695,8765,7,-8776,0,0
Multihop 1 gateways,0.8,10400,1315,120,1000000,215,12650,1242645,1155,230,0,11717,7,31,674,0.966656
LoraWAN 1 gateways,0.8,2976,91,120,1000000,215,11581,136896,1155,0,8514,3067,7,0,0,0
LoraWAN 2 gateways,0.8,7595,163,120,1000000,215,11581,349370,1155,0,11581,7758,7,-7758,0,0
LoraWAN 3 gateways,0.8,9236,266,120,1000000,215,11581,424856,1155,0,11581,9469,7,-9502,0,0
Multihop 1 gateways,0.9,11039,1517,120,1000000,215,13663,1327139,1155,271,0,12556,7,30,806,0.977847
LoraWAN 1 gateways,0.9,3211,140,120,1000000,215,12356,147706,1155,0,9005,3351,7,0,0,0
LoraWAN 2 gateways,0.9,8040,227,120,1000000,215,12356,369840,1155,0,12356,8268,7,-8267,0,0
LoraWAN 3 gateways,0.9,9929,221,120,1000000,215,12356,456734,1155,0,12356,10136,7,-10150,0,0
Multihop 1 gateways,1,11489,1895,120,1000000,215,14597,1371971,1155,315,0,13384,7,21,877,0.976964
LoraWAN 1 gateways,1,3328,140,120,1000000,215,13054,153088,1155,0,9586,3468,7,0,0,0
LoraWAN 2 gateways,1,8418,247,120,1000000,215,13054,387228,1155,0,13054,8666,7,-8665,0,0
LoraWAN 3 gateways,1,10359,269,120,1000000,215,13054,476514,1155,0,13054,10607,7,-10628,0,0
Multihop 1 gateways,0.1,2258,35,120,1000000,215,2316,260469,1155,7,0,2293,7,1,15,0.999768
LoraWAN 1 gateways,0.1,683,4,120,1000000,215,2311,31418,1155,0,1624,687,7,0,0,0
LoraWAN 2 gateways,0.1,1774,7,120,1000000,215,2311,81604,1155,0,2311,1781,7,-1781,0,0
LoraWAN 3 gateways,0.1,2078,11,120,1000000,215,2311,95588,1155,0,2311,2089,7,-2089,0,0
Multihop 1 gateways,0.2,4101,206,120,1000000,215,4377,465369,1155,25,0,4307,7,3,42,0.998583
LoraWAN 1 gateways,0.2,1238,12,120,1000000,215,4337,56948,1155,0,3087,1250,7,0,0,0
LoraWAN 2 gateways,0.2,3339,47,120,1000000,215,4337,153594,1155,0,4337,3386,7,-3386,0,0
LoraWAN 3 gateways,0.2,3900,45,120,1000000,215,4337,179400,1155,0,4337,3945,7,-3945,0,0
Multihop 1 gateways,0.3,5605,351,120,1000000,215,6073,634797,1155,30,0,5956,7,5,82,0.998706
LoraWAN 1 gateways,0.3,1683,12,120,1000000,215,5959,77418,1155,0,4264,1695,7,0,0,0
LoraWAN 2 gateways,0.3,4612,64,120,1000000,215,5959,212152,1155,0,5959,4676,7,-4676,0,0
LoraWAN 3 gateways,0.3,5357,82,120,1000000,215,5959,246422,1155,0,5959,5439,7,-5439,0,0
Multihop 1 gateways,0.4,6917,535,120,1000000,215,7660,774647,1155,57,0,7452,7,11,140,0.998375
LoraWAN 1 gateways,0.4,2135,42,120,1000000,215,7421,98210,1155,0,5244,2177,7,0,0,0
LoraWAN 2 gateways,0.4,5667,147,120,1000000,215,7421,260682,1155,0,7421,5814,7,-5814,0,0
LoraWAN 3 gateways,0.4,6578,163,120,1000000,215,7421,302588,1155,0,7421,6741,7,-6741,0,0
Multihop 1 gateways,0.5,8199,547,120,1000000,215,9063,909864,1155,89,0,8746,7,13,215,0.998406
LoraWAN 1 gateways,0.5,2443,81,120,1000000,215,8686,112378,1155,0,6162,2524,7,0,0,0
LoraWAN 2 gateways,0.5,6640,162,120,1000000,215,8686,305440,1155,0,8686,6803,7,-6802,0,0
LoraWAN 3 gateways,0.5,7712,189,120,1000000,215,8686,354752,1155,0,8686,7902,7,-7901,0,0
Multihop 1 gateways,0.6,8995,920,120,1000000,215,10331,997255,1155,96,0,9917,7,24,296,0.997961
LoraWAN 1 gateways,0.6,2696,70,120,1000000,215,9782,124016,1155,0,7016,2766,7,0,0,0
LoraWAN 2 gateways,0.6,7408,225,120,1000000,215,9782,340768,1155,0,9782,7633,7,-7633,0,0
LoraWAN 3 gateways,0.6,8591,274,120,1000000,215,9782,395186,1155,0,9782,8865,7,-8865,0,0
Multihop 1 gateways,0.7,9903,1100,120,1000000,215,11472,1090018,1155,122,0,11003,7,25,322,0.996658
LoraWAN 1 gateways,0.7,2950,80,120,1000000,215,10695,135700,1155,0,7665,3030,7,0,0,0
LoraWAN 2 gateways,0.7,8103,261,120,1000000,215,10695,372738,1155,0,10695,8364,7,-8364,0,0
LoraWAN 3 gateways,0.7,9398,307,120,1000000,215,10695,432308,1155,0,10695,9705,7,-9705,0,0
Multihop 1 gateways,0.8,10753,1199,120,1000000,215,12546,1183758,1155,154,0,11952,7,27,413,0.998233
LoraWAN 1 gateways,0.8,3203,72,120,1000000,215,11581,147338,1155,0,8306,3275,7,0,0,0
LoraWAN 2 gateways,0.8,8762,337,120,1000000,215,11581,403052,1155,0,11581,9099,7,-9099,0,0
LoraWAN 3 gateways,0.8,10199,329,120,1000000,215,11581,469154,1155,0,11581,10528,7,-10528,0,0
Multihop 1 gateways,0.9,11355,1469,120,1000000,215,13545,1243321,1155,188,0,12825,7,37,496,0.995294
LoraWAN 1 gateways,0.9,3418,125,120,1000000,215,12356,157228,1155,0,8813,3543,7,0,0,0
LoraWAN 2 gateways,0.9,9342,392,120,1000000,215,12356,429732,1155,0,12356,9736,7,-9734,0,0
LoraWAN 3 gateways,0.9,10843,405,120,1000000,215,12356,498778,1155,0,12356,11250,7,-11248,0,0
Multihop 1 gateways,1,12187,1544,120,1000000,215,14465,1331294,1155,183,0,13732,7,32,519,0.998814
LoraWAN 1 gateways,1,3562,121,120,1000000,215,13054,163852,1155,0,9371,3683,7,0,0,0
LoraWAN 2 gateways,1,9876,368,120,1000000,215,13054,454296,1155,0,13054,10245,7,-10244,0,0
LoraWAN 3 gateways,1,11474,393,120,1000000,215,13054,527804,1155,0,13054,11868,7,-11867,0,0
Multihop 1 gateways,0.1,2226,44,120,1000000,215,2316,280207,1155,17,0,2270,7,1,28,0.999509
LoraWAN 1 gateways,0.1,573,0,120,1000000,215,2311,26358,1155,0,1738,573,7,0,0,0
LoraWAN 2 gateways,0.1,1485,6,120,1000000,215,2311,68310,1155,0,2311,1491,7,-1491,0,0
LoraWAN 3 gateways,0.1,2112,4,120,1000000,215,2311,97152,1155,0,2311,2115,7,-2116,0,0
Multihop 1 gateways,0.2,4010,220,120,1000000,215,4377,508467,1155,42,0,4230,7,4,101,0.99792
LoraWAN 1 gateways,0.2,1072,18,120,1000000,215,4337,49312,1155,0,3247,1090,7,0,0,0
LoraWAN 2 gateways,0.2,2801,28,120,1000000,215,4337,128846,1155,0,4337,2829,7,-2829,0,0
LoraWAN 3 gateways,0.2,3950,26,120,1000000,215,4337,181700,1155,0,4337,3974,7,-3976,0,0
Multihop 1 gateways,0.3,5540,215,120,1000000,215,6083,694467,1155,108,0,5755,7,7,213,0.99581
LoraWAN 1 gateways,0.3,1444,24,120,1000000,215,5959,66424,1155,0,4491,1468,7,0,0,0
LoraWAN 2 gateways,0.3,3775,33,120,1000000,215,5959,173650,1155,0,5959,3808,7,-3808,0,0
LoraWAN 3 gateways,0.3,5374,77,120,1000000,215,5959,247204,1155,0,5959,5439,7,-5451,0,0
Multihop 1 gateways,0.4,6622,541,120,1000000,215,7673,825493,1155,171,0,7165,7,10,329,0.995016
LoraWAN 1 gateways,0.4,1846,31,120,1000000,215,7421,84916,1155,0,5544,1877,7,0,0,0
LoraWAN 2 gateways,0.4,4812,63,120,1000000,215,7421,221352,1155,0,7421,4875,7,-4875,0,0
LoraWAN 3 gateways,0.4,6707,121,120,1000000,215,7421,308522,1155,0,7421,6808,7,-6828,0,0
Multihop 1 gateways,0.5,7984,432,120,1000000,215,9069,992088,1155,170,0,8417,7,11,472,0.986718
LoraWAN 1 gateways,0.5,2157,36,120,1000000,215,8686,99222,1155,0,6493,2193,7,0,0,0
LoraWAN 2 gateways,0.5,5557,106,120,1000000,215,8686,255622,1155,0,8686,5663,7,-5663,0,0
LoraWAN 3 gateways,0.5,7828,152,120,1000000,215,8686,360088,1155,0,8686,7961,7,-7980,0,0
Multihop 1 gateways,0.6,8588,885,120,1000000,215,10355,1053523,1155,247,0,9473,7,14,621,0.991459
LoraWAN 1 gateways,0.6,2359,66,120,1000000,215,9782,108514,1155,0,7357,2425,7,0,0,0
LoraWAN 2 gateways,0.6,6194,138,120,1000000,215,9782,284924,1155,0,9782,6332,7,-6332,0,0
LoraWAN 3 gateways,0.6,8796,179,120,1000000,215,9782,404616,1155,0,9782,8948,7,-8975,0,0
Multihop 1 gateways,0.7,9100,1322,120,1000000,215,11480,1094137,1155,332,0,10422,7,10,716,0.977558
LoraWAN 1 gateways,0.7,2574,80,120,1000000,215,10695,118404,1155,0,8041,2654,7,0,0,0
LoraWAN 2 gateways,0.7,6833,153,120,1000000,215,10695,314318,1155,0,10695,6986,7,-6986,0,0
LoraWAN 3 gateways,0.7,9613,228,120,1000000,215,10695,442198,1155,0,10695,9802,7,-9841,0,0
Multihop 1 gateways,0.8,10015,1413,120,1000000,215,12573,1180603,1155,332,0,11429,7,18,795,0.975766
LoraWAN 1 gateways,0.8,2801,70,120,1000000,215,11581,128846,1155,0,8710,2871,7,0,0,0
LoraWAN 2 gateways,0.8,7365,164,120,1000000,215,11581,338790,1155,0,11581,7529,7,-7529,0,0
LoraWAN 3 gateways,0.8,10393,244,120,1000000,215,11581,478078,1155,0,11581,10599,7,-10637,0,0
Multihop 1 gateways,0.9,10439,1715,120,1000000,215,13598,1243163,1155,457,0,12155,7,22,965,0.982264
LoraWAN 1 gateways,0.9,3006,86,120,1000000,215,12356,138276,1155,0,9264,3092,7,0,0,0
LoraWAN 2 gateways,0.9,7896,152,120,1000000,215,12356,363216,1155,0,12356,8049,7,-8048,0,0
LoraWAN 3 gateways,0.9,11066,309,120,1000000,215,12356,509036,1155,0,12356,11334,7,-11375,0,0
Multihop 1 gateways,1,11890,975,120,1000000,215,14466,1416610,1155,504,0,12866,7,26,1071,0.981519
LoraWAN 1 gateways,1,3195,78,120,1000000,215,13054,146970,1155,0,9781,3273,7,0,0,0
LoraWAN 2 gateways,1,8255,220,120,1000000,215,13054,379730,1155,0,13054,8475,7,-8475,0,0
LoraWAN 3 gateways,1,11716,347,120,1000000,215,13054,538936,1155,0,13054,11994,7,-12063,0,0
Multihop 1 gateways,0.1,2241,46,120,1000000,215,2316,276027,1155,8,0,2287,7,0,21,0.999897
LoraWAN 1 gateways,0.1,566,8,120,1000000,215,2311,26036,1155,0,1737,574,7,0,0,0
LoraWAN 2 gateways,0.1,1767,11,120,1000000,215,2311,81282,1155,0,2311,1778,7,-1778,0,0
LoraWAN 3 gateways,0.1,2058,9,120,1000000,215,2311,94668,1155,0,2311,2065,7,-2067,0,0
Multihop 1 gateways,0.2,4094,167,120,1000000,215,4378,499943,1155,35,0,4261,7,0,82,0.997126
LoraWAN 1 gateways,0.2,1096,4,120,1000000,215,4337,50416,1155,0,3237,1100,7,0,0,0
LoraWAN 2 gateways,0.2,3323,39,120,1000000,215,4337,152858,1155,0,4337,3362,7,-3362,0,0
LoraWAN 3 gateways,0.2,3875,37,120,1000000,215,4337,178250,1155,0,4337,3906,7,-3912,0,0
Multihop 1 gateways,0.3,5599,285,120,1000000,215,6083,678679,1155,54,0,5884,7,13,132,0.998317
LoraWAN 1 gateways,0.3,1462,22,120,1000000,215,5959,67252,1155,0,4475,1484,7,0,0,0
LoraWAN 2 gateways,0.3,4506,70,120,1000000,215,5959,207276,1155,0,5959,4576,7,-4576,0,0
LoraWAN 3 gateways,0.3,5275,91,120,1000000,215,5959,242650,1155,0,5959,5356,7,-5366,0,0
Multihop 1 gateways,0.4,6863,479,120,1000000,215,7671,818152,1155,103,0,7342,7,15,211,0.995775
LoraWAN 1 gateways,0.4,1842,42,120,1000000,215,7421,84732,1155,0,5537,1884,7,0,0,0
LoraWAN 2 gateways,0.4,5637,126,120,1000000,215,7421,259302,1155,0,7421,5763,7,-5763,0,0
LoraWAN 3 gateways,0.4,6563,118,120,1000000,215,7421,301898,1155,0,7421,6667,7,-6681,0,0
Multihop 1 gateways,0.5,7574,1016,120,1000000,215,9072,894241,1155,121,0,8591,7,37,324,0.990053
LoraWAN 1 gateways,0.5,2151,42,120,1000000,215,8686,98946,1155,0,6493,2193,7,0,0,0
LoraWAN 2 gateways,0.5,6616,154,120,1000000,215,8686,304336,1155,0,8686,6771,7,-6770,0,0
LoraWAN 3 gateways,0.5,7720,154,120,1000000,215,8686,355120,1155,0,8686,7860,7,-7874,0,0
Multihop 1 gateways,0.6,8285,1460,120,1000000,215,10347,965121,1155,158,0,9745,7,44,400,0.984804
LoraWAN 1 gateways,0.6,2413,57,120,1000000,215,9782,110998,1155,0,7312,2470,7,0,0,0
LoraWAN 2 gateways,0.6,7381,199,120,1000000,215,9782,339526,1155,0,9782,7580,7,-7580,0,0
LoraWAN 3 gateways,0.6,8625,192,120,1000000,215,9782,396750,1155,0,9782,8787,7,-8817,0,0
Multihop 1 gateways,0.7,9960,823,120,1000000,215,11477,1173890,1155,173,0,10783,7,52,469,0.991197
LoraWAN 1 gateways,0.7,2593,64,120,1000000,215,10695,119278,1155,0,8038,2657,7,0,0,0
LoraWAN 2 gateways,0.7,8129,188,120,1000000,215,10695,373934,1155,0,10695,8317,7,-8317,0,0
LoraWAN 3 gateways,0.7,9436,211,120,1000000,215,10695,434056,1155,0,10695,9633,7,-9647,0,0
Multihop 1 gateways,0.8,10228,1499,120,1000000,215,12564,1200173,1155,233,0,11729,7,57,547,0.99908
LoraWAN 1 gateways,0.8,2859,47,120,1000000,215,11581,131514,1155,0,8675,2906,7,0,0,0
LoraWAN 2 gateways,0.8,8702,241,120,1000000,215,11581,400292,1155,0,11581,8943,7,-8943,0,0
LoraWAN 3 gateways,0.8,10172,268,120,1000000,215,11581,467912,1155,0,11581,10403,7,-10440,0,0
Multihop 1 gateways,0.9,11022,1537,120,1000000,215,13577,1275666,1155,303,0,12560,7,55,660,0.986603
LoraWAN 1 gateways,0.9,3004,96,120,1000000,215,12356,138184,1155,0,9256,3100,7,0,0,0
LoraWAN 2 gateways,0.9,9314,235,120,1000000,215,12356,428444,1155,0,12356,9551,7,-9549,0,0
LoraWAN 3 gateways,0.9,10890,275,120,1000000,215,12356,500940,1155,0,12356,11145,7,-11165,0,0
Multihop 1 gateways,1,11591,1800,120,1000000,215,14486,1340071,1155,276,0,13392,7,68,751,0.985728
LoraWAN 1 gateways,1,3152,114,120,1000000,215,13054,144992,1155,0,9788,3266,7,0,0,0
LoraWAN 2 gateways,1,9847,267,120,1000000,215,13054,452962,1155,0,13054,10115,7,-10114,0,0
LoraWAN 3 gateways,1,11486,326,120,1000000,215,13054,528356,1155,0,13054,11775,7,-11812,0,0
Multihop 1 gateways,0.1,2248,52,120,1000000,215,2316,265300,1155,5,0,2300,7,2,9,0.999846
LoraWAN 1 gateways,0.1,620,6,120,1000000,215,2311,28520,1155,0,1685,626,7,0,0,0
LoraWAN 2 gateways,0.1,699,0,120,1000000,215,2311,32154,1155,0,2311,699,7,-699,0,0
LoraWAN 3 gateways,0.1,1644,8,120,1000000,215,2311,75624,1155,0,2311,1651,7,-1652,0,0
Multihop 1 gateways,0.2,4182,136,120,1000000,215,4381,491909,1155,15,0,4318,7,4,44,0.999825
LoraWAN 1 gateways,0.2,1136,22,120,1000000,215,4337,52256,1155,0,3179,1158,7,0,0,0
LoraWAN 2 gateways,0.2,1311,6,120,1000000,215,4337,60306,1155,0,4337,1317,7,-1317,0,0
LoraWAN 3 gateways,0.2,3037,28,120,1000000,215,4337,139702,1155,0,4337,3062,7,-3065,0,0
Multihop 1 gateways,0.3,5584,364,120,1000000,215,6084,648507,1155,34,0,5949,7,16,86,0.999761
LoraWAN 1 gateways,0.3,1531,16,120,1000000,215,5959,70426,1155,0,4412,1547,7,0,0,0
LoraWAN 2 gateways,0.3,1811,8,120,1000000,215,5959,83306,1155,0,5959,1819,7,-1819,0,0
LoraWAN 3 gateways,0.3,4211,44,120,1000000,215,5959,193706,1155,0,5959,4254,7,-4255,0,0
Multihop 1 gateways,0.4,6990,481,120,1000000,215,7699,813945,1155,56,0,7472,7,21,151,0.999645
LoraWAN 1 gateways,0.4,1940,30,120,1000000,215,7421,89240,1155,0,5451,1970,7,0,0,0
LoraWAN 2 gateways,0.4,2263,28,120,1000000,215,7421,104098,1155,0,7421,2291,7,-2291,0,0
LoraWAN 3 gateways,0.4,5214,60,120,1000000,215,7421,239844,1155,0,7421,5270,7,-5274,0,0
Multihop 1 gateways,0.5,7960,793,120,1000000,215,9087,916559,1155,79,0,8754,7,24,231,0.999142
LoraWAN 1 gateways,0.5,2228,52,120,1000000,215,8686,102488,1155,0,6406,2280,7,0,0,0
LoraWAN 2 gateways,0.5,2629,15,120,1000000,215,8686,120934,1155,0,8686,2644,7,-2644,0,0
LoraWAN 3 gateways,0.5,6075,69,120,1000000,215,8686,279450,1155,0,8686,6145,7,-6144,0,0
Multihop 1 gateways,0.6,9124,877,120,1000000,215,10391,1052844,1155,70,0,10002,7,43,277,0.999316
LoraWAN 1 gateways,0.6,2494,60,120,1000000,215,9782,114724,1155,0,7228,2554,7,0,0,0
LoraWAN 2 gateways,0.6,2995,34,120,1000000,215,9782,137770,1155,0,9782,3029,7,-3029,0,0
LoraWAN 3 gateways,0.6,6824,99,120,1000000,215,9782,313904,1155,0,9782,6918,7,-6923,0,0
Multihop 1 gateways,0.7,9940,1065,120,1000000,215,11535,1144230,1155,112,0,11005,7,49,369,0.999517
LoraWAN 1 gateways,0.7,2664,84,120,1000000,215,10695,122544,1155,0,7947,2748,7,0,0,0
LoraWAN 2 gateways,0.7,3289,32,120,1000000,215,10695,151294,1155,0,10695,3321,7,-3321,0,0
LoraWAN 3 gateways,0.7,7419,132,120,1000000,215,10695,341274,1155,0,10695,7545,7,-7551,0,0
Multihop 1 gateways,0.8,10600,1401,120,1000000,215,12634,1212355,1155,142,0,12003,7,49,442,0.997499
LoraWAN 1 gateways,0.8,2893,89,120,1000000,215,11581,133078,1155,0,8599,2982,7,0,0,0
LoraWAN 2 gateways,0.8,3536,50,120,1000000,215,11581,162656,1155,0,11581,3586,7,-3586,0,0
LoraWAN 3 gateways,0.8,8009,134,120,1000000,215,11581,368414,1155,0,11581,8140,7,-8143,0,0
Multihop 1 gateways,0.9,11642,1228,120,1000000,215,13637,1326576,1155,164,0,12870,7,50,553,0.998656
LoraWAN 1 gateways,0.9,3135,100,120,1000000,215,12356,144210,1155,0,9121,3235,7,0,0,0
LoraWAN 2 gateways,0.9,3701,45,120,1000000,215,12356,170246,1155,0,12356,3746,7,-3746,0,0
LoraWAN 3 gateways,0.9,8599,157,120,1000000,215,12356,395554,1155,0,12356,8757,7,-8756,0,0
Multihop 1 gateways,1,11610,2198,120,1000000,215,14605,1313907,1155,139,0,13809,7,61,597,0.997981
LoraWAN 1 gateways,1,3262,95,120,1000000,215,13054,150052,1155,0,9697,3357,7,0,0,0
LoraWAN 2 gateways,1,3964,43,120,1000000,215,13054,182344,1155,0,13054,4007,7,-4007,0,0
LoraWAN 3 gateways,1,9082,166,120,1000000,215,13054,417772,1155,0,13054,9237,7,-9248,0,0
Multihop 1 gateways,0.1,2244,44,120,1000000,215,2313,256346,1155,9,0,2288,7,3,13,0.999621
LoraWAN 1 gateways,0.1,638,6,120,1000000,215,2311,29348,1155,0,1667,644,7,0,0,0
LoraWAN 2 gateways,0.1,1363,8,120,1000000,215,2311,62698,1155,0,2311,1371,7,-1371,0,0
LoraWAN 3 gateways,0.1,1963,11,120,1000000,215,2311,90298,1155,0,2311,1973,7,-1974,0,0
Multihop 1 gateways,0.2,4107,185,120,1000000,215,4373,466076,1155,28,0,4292,7,2,51,0.9993
LoraWAN 1 gateways,0.2,1250,14,120,1000000,215,4337,57500,1155,0,3073,1264,7,0,0,0
LoraWAN 2 gateways,0.2,2604,21,120,1000000,215,4337,119784,1155,0,4337,2625,7,-2625,0,0
LoraWAN 3 gateways,0.2,3699,34,120,1000000,215,4337,170154,1155,0,4337,3729,7,-3733,0,0
Multihop 1 gateways,0.3,5652,249,120,1000000,215,6066,637024,1155,51,0,5902,7,12,102,0.99966
LoraWAN 1 gateways,0.3,1688,24,120,1000000,215,5959,77648,1155,0,4247,1712,7,0,0,0
LoraWAN 2 gateways,0.3,3502,33,120,1000000,215,5959,161092,1155,0,5959,3535,7,-3535,0,0
LoraWAN 3 gateways,0.3,5056,61,120,1000000,215,5959,232576,1155,0,5959,5109,7,-5117,0,0
Multihop 1 gateways,0.4,6929,448,120,1000000,215,7644,776547,1155,64,0,7378,7,13,190,0.998949
LoraWAN 1 gateways,0.4,2097,50,120,1000000,215,7421,96462,1155,0,5274,2147,7,0,0,0
LoraWAN 2 gateways,0.4,4361,53,120,1000000,215,7421,200606,1155,0,7421,4414,7,-4414,0,0
LoraWAN 3 gateways,0.4,6320,97,120,1000000,215,7421,290720,1155,0,7421,6405,7,-6417,0,0
Multihop 1 gateways,0.5,7895,769,120,1000000,215,9047,875512,1155,102,0,8664,7,18,263,0.998632
LoraWAN 1 gateways,0.5,2428,56,120,1000000,215,8686,111688,1155,0,6201,2485,7,1,0,0
LoraWAN 2 gateways,0.5,5150,87,120,1000000,215,8686,236900,1155,0,8686,5237,7,-5237,0,0
LoraWAN 3 gateways,0.5,7331,150,120,1000000,215,8686,337226,1155,0,8686,7463,7,-7481,0,0
Multihop 1 gateways,0.6,8403,1373,120,1000000,215,10296,922416,1155,169,0,9776,7,21,330,0.993374
LoraWAN 1 gateways,0.6,2684,79,120,1000000,215,9782,123464,1155,0,7019,2763,7,0,0,0
LoraWAN 2 gateways,0.6,5773,98,120,1000000,215,9782,265558,1155,0,9782,5871,7,-5871,0,0
LoraWAN 3 gateways,0.6,8283,172,120,1000000,215,9782,381018,1155,0,9782,8425,7,-8455,0,0
Multihop 1 gateways,0.7,9833,946,120,1000000,215,11418,1076159,1155,203,0,10779,7,25,411,0.994942
LoraWAN 1 gateways,0.7,2956,88,120,1000000,215,10695,135976,1155,0,7651,3044,7,0,0,0
LoraWAN 2 gateways,0.7,6318,101,120,1000000,215,10695,290628,1155,0,10695,6419,7,-6419,0,0
LoraWAN 3 gateways,0.7,9061,148,120,1000000,215,10695,416806,1155,0,10695,9183,7,-9209,0,0
Multihop 1 gateways,0.8,10419,1356,120,1000000,215,12467,1144256,1155,205,0,11775,7,25,462,0.997952
LoraWAN 1 gateways,0.8,3102,137,120,1000000,215,11581,142692,1155,0,8342,3239,7,0,0,0
LoraWAN 2 gateways,0.8,6794,153,120,1000000,215,11581,312524,1155,0,11581,6947,7,-6947,0,0
LoraWAN 3 gateways,0.8,9737,205,120,1000000,215,11581,447902,1155,0,11581,9915,7,-9942,0,0
Multihop 1 gateways,0.9,11334,1354,120,1000000,215,13484,1226801,1155,217,0,12688,7,43,536,0.995408
LoraWAN 1 gateways,0.9,3455,93,120,1000000,215,12356,158930,1155,0,8808,3548,7,0,0,0
LoraWAN 2 gateways,0.9,7247,150,120,1000000,215,12356,333362,1155,0,12356,7397,7,-7397,0,0
LoraWAN 3 gateways,0.9,10416,222,120,1000000,215,12356,479136,1155,0,12356,10607,7,-10638,0,0
Multihop 1 gateways,1,11761,1686,120,1000000,215,14352,1268350,1155,241,0,13448,7,38,626,0.986097
LoraWAN 1 gateways,1,3514,157,120,1000000,215,13054,161644,1155,0,9383,3671,7,0,0,0
LoraWAN 2 gateways,1,7604,213,120,1000000,215,13054,349784,1155,0,13054,7818,7,-7817,0,0
LoraWAN 3 gateways,1,10974,305,120,1000000,215,13054,504804,1155,0,13054,11233,7,-11279,0,0
