case,rate,decoded,non_decoded,nodes_number,life_time,maximum_trans,gen_packets,delay,max_delay,interference_in_node,out_of_range_in_ge,in_range_in_ge,max_sf,time_out,drop_p_async,fairness
Multihop 1 gateways,0.1,2602,64,140,1000000,215,2705,287588,1155,18,0,2666,7,5,16,0.999399
LoraWAN 1 gateways,0.1,717,4,140,1000000,215,2704,32982,1155,0,1983,721,7,0,0,0
LoraWAN 2 gateways,0.1,1696,12,140,1000000,215,2704,78016,1155,0,2704,1709,7,-1708,0,0
LoraWAN 3 gateways,0.1,2522,8,140,1000000,215,2704,116012,1155,0,2704,2530,7,-2530,0,0
Multihop 1 gateways,0.2,4834,133,140,1000000,215,5070,540427,1155,33,0,4967,7,9,61,0.999635
LoraWAN 1 gateways,0.2,1335,10,140,1000000,215,5039,61410,1155,0,3694,1345,7,0,0,0
LoraWAN 2 gateways,0.2,3122,43,140,1000000,215,5039,143612,1155,0,5039,3165,7,-3165,0,0
LoraWAN 3 gateways,0.2,4629,48,140,1000000,215,5039,212934,1155,0,5039,4676,7,-4677,0,0
Multihop 1 gateways,0.3,6482,408,140,1000000,215,7083,722847,1155,62,0,6890,7,12,119,0.999229
LoraWAN 1 gateways,0.3,1859,62,140,1000000,215,6968,85514,1155,0,5047,1921,7,0,0,0
LoraWAN 2 gateways,0.3,4303,69,140,1000000,215,6968,197938,1155,0,6968,4372,7,-4372,0,0
LoraWAN 3 gateways,0.3,6401,68,140,1000000,215,6968,294446,1155,0,6968,6461,7,-6469,0,0
Multihop 1 gateways,0.4,7978,606,140,1000000,215,8932,887938,1155,111,0,8584,7,22,215,0.999178
LoraWAN 1 gateways,0.4,2303,64,140,1000000,215,8691,105938,1155,0,6323,2368,7,1,0,0
LoraWAN 2 gateways,0.4,5374,96,140,1000000,215,8691,247204,1155,0,8691,5472,7,-5470,0,0
LoraWAN 3 gateways,0.4,7935,125,140,1000000,215,8691,365010,1155,0,8691,8050,7,-8060,0,0
Multihop 1 gateways,0.5,9094,968,140,1000000,215,10560,1004319,1155,164,0,10062,7,25,309,0.999084
LoraWAN 1 gateways,0.5,2697,56,140,1000000,215,10126,124062,1155,0,7373,2753,7,0,0,0
LoraWAN 2 gateways,0.5,6288,142,140,1000000,215,10126,289248,1155,0,10126,6430,7,-6430,0,0
LoraWAN 3 gateways,0.5,9270,177,140,1000000,215,10126,426420,1155,0,10126,9424,7,-9447,0,0
Multihop 1 gateways,0.6,10430,965,140,1000000,215,11979,1152780,1155,200,0,11396,7,27,357,0.999273
LoraWAN 1 gateways,0.6,2970,78,140,1000000,215,11372,136620,1155,0,8324,3048,7,0,0,0
LoraWAN 2 gateways,0.6,6962,187,140,1000000,215,11372,320252,1155,0,11372,7149,7,-7149,0,0
LoraWAN 3 gateways,0.6,10325,255,140,1000000,215,11372,474950,1155,0,11372,10562,7,-10580,0,0
Multihop 1 gateways,0.7,11231,1288,140,1000000,215,13265,1228032,1155,235,0,12519,7,38,473,0.996979
LoraWAN 1 gateways,0.7,3292,114,140,1000000,215,12468,151432,1155,0,9062,3406,7,0,0,0
LoraWAN 2 gateways,0.7,7694,174,140,1000000,215,12468,353924,1155,0,12468,7868,7,-7868,0,0
LoraWAN 3 gateways,0.7,11271,305,140,1000000,215,12468,518466,1155,0,12468,11548,7,-11576,0,0
Multihop 1 gateways,0.8,12237,1459,140,1000000,215,14556,1332331,1155,247,0,13696,7,45,568,0.997886
LoraWAN 1 gateways,0.8,3470,153,140,1000000,215,13493,159620,1155,0,9870,3623,7,0,0,0
LoraWAN 2 gateways,0.8,8228,235,140,1000000,215,13493,378488,1155,0,13493,8463,7,-8463,0,0
LoraWAN 3 gateways,0.8,12232,309,140,1000000,215,13493,562672,1155,0,13493,12515,7,-12541,0,0
Multihop 1 gateways,0.9,12256,2488,140,1000000,215,15736,1324061,1155,294,0,14746,7,42,656,0.997708
LoraWAN 1 gateways,0.9,3795,162,140,1000000,215,14415,174570,1155,0,10458,3957,7,0,0,0
LoraWAN 2 gateways,0.9,8826,266,140,1000000,215,14415,405996,1155,0,14415,9093,7,-9092,0,0
LoraWAN 3 gateways,0.9,13080,367,140,1000000,215,14415,601680,1155,0,14415,13403,7,-13447,0,0
Multihop 1 gateways,1,11915,3666,140,1000000,215,16738,1244026,1155,383,0,15581,7,41,733,0.981207
LoraWAN 1 gateways,1,4003,143,140,1000000,215,15209,184138,1155,0,11063,4146,7,0,0,0
LoraWAN 2 gateways,1,9203,369,140,1000000,215,15209,423338,1155,0,15209,9572,7,-9572,0,0
LoraWAN 3 gateways,1,13737,421,140,1000000,215,15209,631902,1155,0,15209,14121,7,-14158,0,0
Multihop 1 gateways,0.1,2617,56,140,1000000,215,2708,299260,1155,14,0,2673,7,2,19,0.999872
LoraWAN 1 gateways,0.1,741,6,140,1000000,215,2704,34086,1155,0,1957,747,7,0,0,0
LoraWAN 2 gateways,0.1,1500,13,140,1000000,215,2704,69000,1155,0,2704,1514,7,-1513,0,0
LoraWAN 3 gateways,0.1,2482,19,140,1000000,215,2704,114172,1155,0,2704,2500,7,-2501,0,0
Multihop 1 gateways,0.2,4740,210,140,1000000,215,5070,540445,1155,51,0,4950,7,0,69,0.999418
LoraWAN 1 gateways,0.2,1417,12,140,1000000,215,5039,65182,1155,0,3610,1429,7,0,0,0
LoraWAN 2 gateways,0.2,2723,26,140,1000000,215,5039,125258,1155,0,5039,2749,7,-2749,0,0
LoraWAN 3 gateways,0.2,4575,76,140,1000000,215,5039,210450,1155,0,5039,4634,7,-4651,0,0
Multihop 1 gateways,0.3,6483,411,140,1000000,215,7091,740683,1155,68,0,6894,7,6,123,0.999313
LoraWAN 1 gateways,0.3,2012,22,140,1000000,215,6968,92552,1155,0,4934,2034,7,0,0,0
LoraWAN 2 gateways,0.3,3816,46,140,1000000,215,6968,175536,1155,0,6968,3862,7,-3862,0,0
LoraWAN 3 gateways,0.3,6335,125,140,1000000,215,6968,291410,1155,0,6968,6434,7,-6460,0,0
Multihop 1 gateways,0.4,7969,663,140,1000000,215,8954,906297,1155,100,0,8632,7,6,216,0.997509
LoraWAN 1 gateways,0.4,2440,58,140,1000000,215,8691,112240,1155,0,6193,2498,7,0,0,0
LoraWAN 2 gateways,0.4,4641,65,140,1000000,215,8691,213486,1155,0,8691,4708,7,-4706,0,0
LoraWAN 3 gateways,0.4,7810,236,140,1000000,215,8691,359260,1155,0,8691,8007,7,-8046,0,0
Multihop 1 gateways,0.5,9348,805,140,1000000,215,10583,1047449,1155,138,0,10153,7,19,273,0.996929
LoraWAN 1 gateways,0.5,2798,71,140,1000000,215,10126,128708,1155,0,7257,2869,7,0,0,0
LoraWAN 2 gateways,0.5,5508,96,140,1000000,215,10126,253368,1155,0,10126,5604,7,-5604,0,0
LoraWAN 3 gateways,0.5,9106,280,140,1000000,215,10126,418876,1155,0,10126,9325,7,-9386,0,0
Multihop 1 gateways,0.6,10158,1263,140,1000000,215,12006,1125554,1155,184,0,11423,7,15,386,0.992505
LoraWAN 1 gateways,0.6,3141,81,140,1000000,215,11372,144486,1155,0,8150,3222,7,0,0,0
LoraWAN 2 gateways,0.6,6126,121,140,1000000,215,11372,281796,1155,0,11372,6247,7,-6247,0,0
LoraWAN 3 gateways,0.6,10190,359,140,1000000,215,11372,468740,1155,0,11372,10486,7,-10549,0,0
Multihop 1 gateways,0.7,11230,1399,140,1000000,215,13328,1257691,1155,245,0,12629,7,9,445,0.996392
LoraWAN 1 gateways,0.7,3427,150,140,1000000,215,12468,157642,1155,0,8891,3577,7,0,0,0
LoraWAN 2 gateways,0.7,6720,140,140,1000000,215,12468,309120,1155,0,12468,6860,7,-6860,0,0
LoraWAN 3 gateways,0.7,11154,409,140,1000000,215,12468,513084,1155,0,12468,11484,7,-11563,0,0
Multihop 1 gateways,0.8,12144,1665,140,1000000,215,14620,1346642,1155,284,0,13809,7,14,513,0.994677
LoraWAN 1 gateways,0.8,3696,128,140,1000000,215,13493,170016,1155,0,9669,3824,7,0,0,0
LoraWAN 2 gateways,0.8,7224,193,140,1000000,215,13493,332304,1155,0,13493,7417,7,-7417,0,0
LoraWAN 3 gateways,0.8,12098,454,140,1000000,215,13493,556508,1155,0,13493,12462,7,-12552,0,0
Multihop 1 gateways,0.9,12995,1825,140,1000000,215,15794,1433476,1155,312,0,14820,7,21,641,0.997131
LoraWAN 1 gateways,0.9,4004,136,140,1000000,215,14415,184184,1155,0,10275,4140,7,0,0,0
LoraWAN 2 gateways,0.9,7696,256,140,1000000,215,14415,354016,1155,0,14415,7952,7,-7952,0,0
LoraWAN 3 gateways,0.9,12831,581,140,1000000,215,14415,590226,1155,0,14415,13276,7,-13412,0,0
Multihop 1 gateways,1,13864,1872,140,1000000,215,16836,1515871,1155,380,0,15736,7,14,706,0.988349
LoraWAN 1 gateways,1,4243,185,140,1000000,215,15209,195178,1155,0,10781,4428,7,0,0,0
LoraWAN 2 gateways,1,8164,172,140,1000000,215,15209,375544,1155,0,15209,8336,7,-8336,0,0
LoraWAN 3 gateways,1,13570,525,140,1000000,215,15209,624220,1155,0,15209,13992,7,-14095,0,0
Multihop 1 gateways,0.1,2602,72,140,1000000,215,2710,296710,1155,13,0,2674,7,4,19,0.999777
LoraWAN 1 gateways,0.1,695,4,140,1000000,215,2704,31970,1155,0,2005,699,7,0,0,0
LoraWAN 2 gateways,0.1,1656,9,140,1000000,215,2704,76176,1155,0,2704,1666,7,-1665,0,0
LoraWAN 3 gateways,0.1,2244,18,140,1000000,215,2704,103224,1155,0,2704,2260,7,-2262,0,0
Multihop 1 gateways,0.2,4622,348,140,1000000,215,5070,529697,1155,31,0,4970,7,9,60,0.999887
LoraWAN 1 gateways,0.2,1268,26,140,1000000,215,5039,58328,1155,0,3745,1294,7,0,0,0
LoraWAN 2 gateways,0.2,3070,33,140,1000000,215,5039,141220,1155,0,5039,3103,7,-3103,0,0
LoraWAN 3 gateways,0.2,4195,49,140,1000000,215,5039,192970,1155,0,5039,4233,7,-4244,0,0
Multihop 1 gateways,0.3,6394,477,140,1000000,215,7083,728130,1155,50,0,6872,7,17,145,0.999292
LoraWAN 1 gateways,0.3,1792,28,140,1000000,215,6968,82432,1155,0,5148,1820,7,0,0,0
LoraWAN 2 gateways,0.3,4229,41,140,1000000,215,6968,194534,1155,0,6968,4270,7,-4270,0,0
LoraWAN 3 gateways,0.3,5753,95,140,1000000,215,6968,264638,1155,0,6968,5829,7,-5848,0,0
Multihop 1 gateways,0.4,7894,687,140,1000000,215,8932,892939,1155,105,0,8581,7,34,212,0.998518
LoraWAN 1 gateways,0.4,2229,64,140,1000000,215,8691,102534,1155,0,6397,2294,7,1,0,0
LoraWAN 2 gateways,0.4,5210,64,140,1000000,215,8691,239660,1155,0,8691,5276,7,-5274,0,0
LoraWAN 3 gateways,0.4,7087,174,140,1000000,215,8691,326002,1155,0,8691,7221,7,-7261,0,0
Multihop 1 gateways,0.5,8960,1147,140,1000000,215,10581,992933,1155,123,0,10108,7,47,304,0.997805
LoraWAN 1 gateways,0.5,2581,48,140,1000000,215,10126,118726,1155,0,7497,2629,7,0,0,0
LoraWAN 2 gateways,0.5,6106,101,140,1000000,215,10126,280876,1155,0,10126,6207,7,-6207,0,0
LoraWAN 3 gateways,0.5,8286,177,140,1000000,215,10126,381156,1155,0,10126,8428,7,-8463,0,0
Multihop 1 gateways,0.6,10309,1140,140,1000000,215,12001,1144623,1155,131,0,11449,7,37,384,0.997657
LoraWAN 1 gateways,0.6,2845,79,140,1000000,215,11372,130870,1155,0,8448,2924,7,0,0,0
LoraWAN 2 gateways,0.6,6845,147,140,1000000,215,11372,314870,1155,0,11372,6992,7,-6992,0,0
LoraWAN 3 gateways,0.6,9300,312,140,1000000,215,11372,427800,1155,0,11372,9530,7,-9612,0,0
Multihop 1 gateways,0.7,11063,1464,140,1000000,215,13265,1223664,1155,211,0,12527,7,42,485,0.997608
LoraWAN 1 gateways,0.7,3117,107,140,1000000,215,12468,143382,1155,0,9244,3224,7,0,0,0
LoraWAN 2 gateways,0.7,7535,159,140,1000000,215,12468,346610,1155,0,12468,7694,7,-7694,0,0
LoraWAN 3 gateways,0.7,10181,306,140,1000000,215,12468,468326,1155,0,12468,10414,7,-10487,0,0
Multihop 1 gateways,0.8,11939,1768,140,1000000,215,14548,1323932,1155,191,0,13707,7,93,557,0.997079
LoraWAN 1 gateways,0.8,3309,179,140,1000000,215,13493,152214,1155,0,10005,3488,7,0,0,0
LoraWAN 2 gateways,0.8,8081,198,140,1000000,215,13493,371726,1155,0,13493,8279,7,-8279,0,0
LoraWAN 3 gateways,0.8,11018,385,140,1000000,215,13493,506828,1155,0,13493,11291,7,-11403,0,0
Multihop 1 gateways,0.9,12673,2091,140,1000000,215,15696,1382715,1155,236,0,14764,7,72,624,0.994522
LoraWAN 1 gateways,0.9,3568,129,140,1000000,215,14415,164128,1155,0,10718,3697,7,0,0,0
LoraWAN 2 gateways,0.9,8597,238,140,1000000,215,14415,395462,1155,0,14415,8835,7,-8835,0,0
LoraWAN 3 gateways,0.9,11741,392,140,1000000,215,14415,540086,1155,0,14415,12019,7,-12133,0,0
Multihop 1 gateways,1,13663,2015,140,1000000,215,16756,1501696,1155,260,0,15678,7,99,719,0.998066
LoraWAN 1 gateways,1,3790,138,140,1000000,215,15209,174340,1155,0,11281,3928,7,0,0,0
LoraWAN 2 gateways,1,9077,234,140,1000000,215,15209,417542,1155,0,15209,9311,7,-9311,0,0
LoraWAN 3 gateways,1,12348,473,140,1000000,215,15209,568008,1155,0,15209,12708,7,-12821,0,0
Multihop 1 gateways,0.1,2600,76,140,1000000,215,2708,286624,1155,11,0,2676,7,2,19,0.996672
LoraWAN 1 gateways,0.1,798,8,140,1000000,215,2704,36708,1155,0,1898,806,7,0,0,0
LoraWAN 2 gateways,0.1,1787,20,140,1000000,215,2704,82202,1155,0,2704,1808,7,-1807,0,0
LoraWAN 3 gateways,0.1,2302,22,140,1000000,215,2704,105892,1155,0,2704,2323,7,-2324,0,0
Multihop 1 gateways,0.2,4802,187,140,1000000,215,5070,523534,1155,24,0,4989,7,2,55,0.997504
LoraWAN 1 gateways,0.2,1517,20,140,1000000,215,5039,69782,1155,0,3502,1537,7,0,0,0
LoraWAN 2 gateways,0.2,3353,45,140,1000000,215,5039,154238,1155,0,5039,3398,7,-3398,0,0
LoraWAN 3 gateways,0.2,4303,44,140,1000000,215,5039,197938,1155,0,5039,4347,7,-4347,0,0
Multihop 1 gateways,0.3,6453,462,140,1000000,215,7087,704991,1155,40,0,6915,7,8,124,0.997446
LoraWAN 1 gateways,0.3,2152,30,140,1000000,215,6968,98992,1155,0,4786,2182,7,0,0,0
LoraWAN 2 gateways,0.3,4563,89,140,1000000,215,6968,209898,1155,0,6968,4652,7,-4652,0,0
LoraWAN 3 gateways,0.3,5858,108,140,1000000,215,6968,269468,1155,0,6968,5965,7,-5966,0,0
Multihop 1 gateways,0.4,7981,675,140,1000000,215,8950,870265,1155,88,0,8658,7,10,196,0.997658
LoraWAN 1 gateways,0.4,2665,66,140,1000000,215,8691,122590,1155,0,5960,2731,7,0,0,0
LoraWAN 2 gateways,0.4,5675,101,140,1000000,215,8691,261050,1155,0,8691,5777,7,-5776,0,0
LoraWAN 3 gateways,0.4,7246,160,140,1000000,215,8691,333316,1155,0,8691,7406,7,-7406,0,0
Multihop 1 gateways,0.5,9333,832,140,1000000,215,10579,1009703,1155,95,0,10165,7,25,294,0.99545
LoraWAN 1 gateways,0.5,3064,52,140,1000000,215,10126,140944,1155,0,7010,3116,7,0,0,0
LoraWAN 2 gateways,0.5,6630,171,140,1000000,215,10126,304980,1155,0,10126,6801,7,-6801,0,0
LoraWAN 3 gateways,0.5,8440,253,140,1000000,215,10126,388240,1155,0,10126,8680,7,-8693,0,0
Multihop 1 gateways,0.6,10251,1257,140,1000000,215,12001,1095762,1155,134,0,11508,7,25,334,0.986948
LoraWAN 1 gateways,0.6,3387,117,140,1000000,215,11372,155802,1155,0,7868,3504,7,0,0,0
LoraWAN 2 gateways,0.6,7446,202,140,1000000,215,11372,342516,1155,0,11372,7648,7,-7648,0,0
LoraWAN 3 gateways,0.6,9528,250,140,1000000,215,11372,438288,1155,0,11372,9768,7,-9778,0,0
Multihop 1 gateways,0.7,10875,1848,140,1000000,215,13306,1152733,1155,139,0,12723,7,19,425,0.982514
LoraWAN 1 gateways,0.7,3731,136,140,1000000,215,12468,171626,1155,0,8601,3867,7,0,0,0
LoraWAN 2 gateways,0.7,8108,251,140,1000000,215,12468,372968,1155,0,12468,8359,7,-8359,0,0
LoraWAN 3 gateways,0.7,10384,312,140,1000000,215,12468,477664,1155,0,12468,10685,7,-10696,0,0
Multihop 1 gateways,0.8,12040,1821,140,1000000,215,14571,1270955,1155,179,0,13863,7,28,503,0.988179
LoraWAN 1 gateways,0.8,3996,165,140,1000000,215,13493,183816,1155,0,9332,4161,7,0,0,0
LoraWAN 2 gateways,0.8,8811,267,140,1000000,215,13493,405306,1155,0,13493,9078,7,-9078,0,0
LoraWAN 3 gateways,0.8,11238,373,140,1000000,215,13493,516948,1155,0,13493,11604,7,-11611,0,0
Multihop 1 gateways,0.9,13176,1749,140,1000000,215,15735,1390269,1155,176,0,14927,7,39,595,0.96988
LoraWAN 1 gateways,0.9,4264,154,140,1000000,215,14415,196144,1155,0,9997,4418,7,0,0,0
LoraWAN 2 gateways,0.9,9434,300,140,1000000,215,14415,433964,1155,0,14415,9735,7,-9734,0,0
LoraWAN 3 gateways,0.9,11914,487,140,1000000,215,14415,548044,1155,0,14415,12380,7,-12401,0,0
Multihop 1 gateways,1,13386,2512,140,1000000,215,16800,1401582,1155,256,0,15898,7,25,621,0.965469
LoraWAN 1 gateways,1,4483,199,140,1000000,215,15209,206218,1155,0,10527,4682,7,0,0,0
LoraWAN 2 gateways,1,9908,310,140,1000000,215,15209,455768,1155,0,15209,10218,7,-10218,0,0
LoraWAN 3 gateways,1,12589,468,140,1000000,215,15209,579094,1155,0,15209,13047,7,-13057,0,0
Multihop 1 gateways,0.1,2604,84,140,1000000,215,2708,282541,1155,5,0,2688,7,0,15,0.999734
LoraWAN 1 gateways,0.1,809,4,140,1000000,215,2704,37214,1155,0,1891,813,7,0,0,0
LoraWAN 2 gateways,0.1,1383,3,140,1000000,215,2704,63618,1155,0,2704,1387,7,-1386,0,0
LoraWAN 3 gateways,0.1,2303,19,140,1000000,215,2704,105938,1155,0,2704,2320,7,-2322,0,0
Multihop 1 gateways,0.2,4809,207,140,1000000,215,5070,515517,1155,9,0,5016,7,2,43,0.999958
LoraWAN 1 gateways,0.2,1485,30,140,1000000,215,5039,68310,1155,0,3524,1515,7,0,0,0
LoraWAN 2 gateways,0.2,2625,21,140,1000000,215,5039,120750,1155,0,5039,2646,7,-2646,0,0
LoraWAN 3 gateways,0.2,4323,48,140,1000000,215,5039,198858,1155,0,5039,4360,7,-4371,0,0
Multihop 1 gateways,0.3,6563,412,140,1000000,215,7097,702496,1155,27,0,6975,7,5,90,0.999833
LoraWAN 1 gateways,0.3,2063,48,140,1000000,215,6968,94898,1155,0,4857,2111,7,0,0,0
LoraWAN 2 gateways,0.3,3540,65,140,1000000,215,6968,162840,1155,0,6968,3605,7,-3605,0,0
LoraWAN 3 gateways,0.3,5931,111,140,1000000,215,6968,272826,1155,0,6968,6021,7,-6042,0,0
Multihop 1 gateways,0.4,8077,678,140,1000000,215,8940,856444,1155,61,0,8755,7,13,111,0.992624
LoraWAN 1 gateways,0.4,2591,64,140,1000000,215,8691,119186,1155,0,6035,2656,7,1,0,0
LoraWAN 2 gateways,0.4,4480,63,140,1000000,215,8691,206080,1155,0,8691,4545,7,-4543,0,0
LoraWAN 3 gateways,0.4,7375,162,140,1000000,215,8691,339250,1155,0,8691,7506,7,-7537,0,0
Multihop 1 gateways,0.5,9447,849,140,1000000,215,10572,1002568,1155,71,0,10296,7,11,194,0.999002
LoraWAN 1 gateways,0.5,2949,76,140,1000000,215,10126,135654,1155,0,7101,3025,7,0,0,0
LoraWAN 2 gateways,0.5,5238,74,140,1000000,215,10126,240948,1155,0,10126,5312,7,-5312,0,0
LoraWAN 3 gateways,0.5,8578,208,140,1000000,215,10126,394588,1155,0,10126,8739,7,-8786,0,0
Multihop 1 gateways,0.6,10299,1345,140,1000000,215,11978,1093019,1155,87,0,11644,7,14,233,0.999544
LoraWAN 1 gateways,0.6,3295,105,140,1000000,215,11372,151570,1155,0,7972,3400,7,0,0,0
LoraWAN 2 gateways,0.6,5832,111,140,1000000,215,11372,268272,1155,0,11372,5943,7,-5943,0,0
LoraWAN 3 gateways,0.6,9701,242,140,1000000,215,11372,446246,1155,0,11372,9888,7,-9943,0,0
Multihop 1 gateways,0.7,11744,1190,140,1000000,215,13329,1231499,1155,117,0,12934,7,12,266,0.998051
LoraWAN 1 gateways,0.7,3601,121,140,1000000,215,12468,165646,1155,0,8746,3722,7,0,0,0
LoraWAN 2 gateways,0.7,6342,162,140,1000000,215,12468,291732,1155,0,12468,6504,7,-6504,0,0
LoraWAN 3 gateways,0.7,10532,365,140,1000000,215,12468,484472,1155,0,12468,10812,7,-10897,0,0
Multihop 1 gateways,0.8,12392,1660,140,1000000,215,14549,1301511,1155,113,0,14054,7,34,350,0.999483
LoraWAN 1 gateways,0.8,3909,145,140,1000000,215,13493,179814,1155,0,9439,4054,7,0,0,0
LoraWAN 2 gateways,0.8,6913,156,140,1000000,215,13493,317998,1155,0,13493,7069,7,-7069,0,0
LoraWAN 3 gateways,0.8,11459,322,140,1000000,215,13493,527114,1155,0,13493,11695,7,-11781,0,0
Multihop 1 gateways,0.9,12989,2186,140,1000000,215,15736,1338367,1155,141,0,15175,7,23,397,0.996936
LoraWAN 1 gateways,0.9,4170,173,140,1000000,215,14415,191820,1155,0,10072,4343,7,0,0,0
LoraWAN 2 gateways,0.9,7336,186,140,1000000,215,14415,337456,1155,0,14415,7522,7,-7522,0,0
LoraWAN 3 gateways,0.9,12200,346,140,1000000,215,14415,561200,1155,0,14415,12467,7,-12546,0,0
Multihop 1 gateways,1,14063,2035,140,1000000,215,16773,1458436,1155,182,0,16098,7,30,463,0.99759
LoraWAN 1 gateways,1,4416,186,140,1000000,215,15209,203136,1155,0,10607,4602,7,0,0,0
LoraWAN 2 gateways,1,7754,207,140,1000000,215,15209,356684,1155,0,15209,7961,7,-7961,0,0
LoraWAN 3 gateways,1,12813,436,140,1000000,215,15209,589398,1155,0,15209,13136,7,-13249,0,0
Multihop 1 gateways,0.1,2602,65,140,1000000,215,2708,293318,1155,11,0,2667,7,1,29,0.998696
LoraWAN 1 gateways,0.1,799,8,140,1000000,215,2704,36754,1155,0,1897,807,7,0,0,0
LoraWAN 2 gateways,0.1,1853,13,140,1000000,215,2704,85238,1155,0,2704,1867,7,-1866,0,0
LoraWAN 3 gateways,0.1,2509,18,140,1000000,215,2704,115414,1155,0,2704,2519,7,-2527,0,0
Multihop 1 gateways,0.2,4797,169,140,1000000,215,5070,534256,1155,41,0,4966,7,7,56,0.99736
LoraWAN 1 gateways,0.2,1523,30,140,1000000,215,5039,70058,1155,0,3486,1553,7,0,0,0
LoraWAN 2 gateways,0.2,3423,39,140,1000000,215,5039,157458,1155,0,5039,3462,7,-3462,0,0
LoraWAN 3 gateways,0.2,4635,57,140,1000000,215,5039,213210,1155,0,5039,4670,7,-4692,0,0
Multihop 1 gateways,0.3,6411,460,140,1000000,215,7093,701451,1155,66,0,6871,7,19,137,0.985402
LoraWAN 1 gateways,0.3,2096,48,140,1000000,215,6968,96416,1155,0,4824,2144,7,0,0,0
LoraWAN 2 gateways,0.3,4695,79,140,1000000,215,6968,215970,1155,0,6968,4774,7,-4774,0,0
LoraWAN 3 gateways,0.3,6444,119,140,1000000,215,6968,296424,1155,0,6968,6510,7,-6563,0,0
Multihop 1 gateways,0.4,7814,755,140,1000000,215,8933,851700,1155,88,0,8569,7,17,259,0.996903
LoraWAN 1 gateways,0.4,2700,58,140,1000000,215,8691,124200,1155,0,5932,2759,7,1,0,0
LoraWAN 2 gateways,0.4,5824,131,140,1000000,215,8691,267904,1155,0,8691,5956,7,-5955,0,0
LoraWAN 3 gateways,0.4,7954,167,140,1000000,215,8691,365884,1155,0,8691,8055,7,-8121,0,0
Multihop 1 gateways,0.5,9324,717,140,1000000,215,10558,1017849,1155,152,0,10041,7,31,334,0.991254
LoraWAN 1 gateways,0.5,2994,76,140,1000000,215,10126,137724,1155,0,7056,3070,7,0,0,0
LoraWAN 2 gateways,0.5,6838,127,140,1000000,215,10126,314548,1155,0,10126,6965,7,-6965,0,0
LoraWAN 3 gateways,0.5,9295,208,140,1000000,215,10126,427570,1155,0,10126,9412,7,-9503,0,0
Multihop 1 gateways,0.6,9908,1425,140,1000000,215,11993,1060944,1155,183,0,11333,7,37,440,0.989357
LoraWAN 1 gateways,0.6,3365,126,140,1000000,215,11372,154790,1155,0,7881,3491,7,0,0,0
LoraWAN 2 gateways,0.6,7603,192,140,1000000,215,11372,349738,1155,0,11372,7795,7,-7795,0,0
LoraWAN 3 gateways,0.6,10387,282,140,1000000,215,11372,477802,1155,0,11372,10566,7,-10669,0,0
Multihop 1 gateways,0.7,11229,1267,140,1000000,215,13287,1210712,1155,238,0,12498,7,52,501,0.989116
LoraWAN 1 gateways,0.7,3637,160,140,1000000,215,12468,167302,1155,0,8671,3797,7,0,0,0
LoraWAN 2 gateways,0.7,8316,207,140,1000000,215,12468,382536,1155,0,12468,8523,7,-8523,0,0
LoraWAN 3 gateways,0.7,11356,339,140,1000000,215,12468,522376,1155,0,12468,11580,7,-11695,0,0
Multihop 1 gateways,0.8,11689,1861,140,1000000,215,14517,1241022,1155,264,0,13550,7,65,638,0.980093
LoraWAN 1 gateways,0.8,3942,173,140,1000000,215,13493,181332,1155,0,9378,4115,7,0,0,0
LoraWAN 2 gateways,0.8,9046,242,140,1000000,215,13493,416116,1155,0,13493,9288,7,-9288,0,0
LoraWAN 3 gateways,0.8,12212,477,140,1000000,215,13493,561752,1155,0,13493,12528,7,-12689,0,0
Multihop 1 gateways,0.9,12628,2004,140,1000000,215,15703,1339896,1155,313,0,14632,7,51,707,0.967415
LoraWAN 1 gateways,0.9,4223,202,140,1000000,215,14415,194258,1155,0,9990,4425,7,0,0,0
LoraWAN 2 gateways,0.9,9588,291,140,1000000,215,14415,441048,1155,0,14415,9880,7,-9879,0,0
LoraWAN 3 gateways,0.9,13081,478,140,1000000,215,14415,601726,1155,0,14415,13391,7,-13559,0,0
Multihop 1 gateways,1,13462,2119,140,1000000,215,16756,1427117,1155,392,0,15581,7,41,742,0.988166
LoraWAN 1 gateways,1,4501,152,140,1000000,215,15209,207046,1155,0,10556,4653,7,0,0,0
LoraWAN 2 gateways,1,10105,338,140,1000000,215,15209,464830,1155,0,15209,10443,7,-10443,0,0
LoraWAN 3 gateways,1,13782,615,140,1000000,215,15209,633972,1155,0,15209,14144,7,-14397,0,0
Multihop 1 gateways,0.1,2626,44,140,1000000,215,2708,282827,1155,14,0,2670,7,7,17,0.999943
LoraWAN 1 gateways,0.1,676,8,140,1000000,215,2704,31096,1155,0,2020,684,7,0,0,0
LoraWAN 2 gateways,0.1,2105,21,140,1000000,215,2704,96830,1155,0,2704,2127,7,-2126,0,0
LoraWAN 3 gateways,0.1,2485,18,140,1000000,215,2704,114310,1155,0,2704,2498,7,-2503,0,0
Multihop 1 gateways,0.2,4777,180,140,1000000,215,5070,514291,1155,47,0,4957,7,2,64,0.999862
LoraWAN 1 gateways,0.2,1217,8,140,1000000,215,5039,55982,1155,0,3814,1225,7,0,0,0
LoraWAN 2 gateways,0.2,3904,84,140,1000000,215,5039,179584,1155,0,5039,3988,7,-3988,0,0
LoraWAN 3 gateways,0.2,4626,68,140,1000000,215,5039,212796,1155,0,5039,4679,7,-4694,0,0
Multihop 1 gateways,0.3,6420,444,140,1000000,215,7077,683615,1155,71,0,6864,7,13,129,0.999534
LoraWAN 1 gateways,0.3,1773,30,140,1000000,215,6968,81558,1155,0,5165,1803,7,0,0,0
LoraWAN 2 gateways,0.3,5352,118,140,1000000,215,6968,246192,1155,0,6968,5470,7,-5470,0,0
LoraWAN 3 gateways,0.3,6369,107,140,1000000,215,6968,292974,1155,0,6968,6445,7,-6476,0,0
Multihop 1 gateways,0.4,7942,632,140,1000000,215,8916,846784,1155,115,0,8574,7,32,195,0.999448
LoraWAN 1 gateways,0.4,2113,56,140,1000000,215,8691,97198,1155,0,6522,2169,7,0,0,0
LoraWAN 2 gateways,0.4,6668,230,140,1000000,215,8691,306728,1155,0,8691,6899,7,-6898,0,0
LoraWAN 3 gateways,0.4,7890,238,140,1000000,215,8691,362940,1155,0,8691,8067,7,-8128,0,0
Multihop 1 gateways,0.5,9387,702,140,1000000,215,10540,991787,1155,153,0,10089,7,19,279,0.998948
LoraWAN 1 gateways,0.5,2473,66,140,1000000,215,10126,113758,1155,0,7587,2539,7,0,0,0
LoraWAN 2 gateways,0.5,7693,312,140,1000000,215,10126,353878,1155,0,10126,8005,7,-8005,0,0
LoraWAN 3 gateways,0.5,9164,317,140,1000000,215,10126,421544,1155,0,10126,9396,7,-9481,0,0
Multihop 1 gateways,0.6,9730,1594,140,1000000,215,11935,1019420,1155,241,0,11324,7,45,325,0.99769
LoraWAN 1 gateways,0.6,2742,89,140,1000000,215,11372,126132,1155,0,8541,2831,7,0,0,0
LoraWAN 2 gateways,0.6,8624,424,140,1000000,215,11372,396704,1155,0,11372,9048,7,-9048,0,0
LoraWAN 3 gateways,0.6,10302,366,140,1000000,215,11372,473892,1155,0,11372,10576,7,-10668,0,0
Multihop 1 gateways,0.7,10866,1570,140,1000000,215,13200,1133844,1155,266,0,12437,7,57,441,0.996896
LoraWAN 1 gateways,0.7,3059,81,140,1000000,215,12468,140714,1155,0,9328,3140,7,0,0,0
LoraWAN 2 gateways,0.7,9421,475,140,1000000,215,12468,433366,1155,0,12468,9896,7,-9896,0,0
LoraWAN 3 gateways,0.7,11289,385,140,1000000,215,12468,519294,1155,0,12468,11569,7,-11674,0,0
Multihop 1 gateways,0.8,11585,2009,140,1000000,215,14424,1201020,1155,297,0,13594,7,60,473,0.995753
LoraWAN 1 gateways,0.8,3264,113,140,1000000,215,13493,150144,1155,0,10116,3377,7,0,0,0
LoraWAN 2 gateways,0.8,10213,491,140,1000000,215,13493,469798,1155,0,13493,10704,7,-10704,0,0
LoraWAN 3 gateways,0.8,12170,472,140,1000000,215,13493,559820,1155,0,13493,12535,7,-12642,0,0
Multihop 1 gateways,0.9,12869,1687,140,1000000,215,15609,1329800,1155,391,0,14556,7,86,576,0.997337
LoraWAN 1 gateways,0.9,3430,183,140,1000000,215,14415,157780,1155,0,10802,3613,7,0,0,0
LoraWAN 2 gateways,0.9,10783,632,140,1000000,215,14415,496018,1155,0,14415,11416,7,-11415,0,0
LoraWAN 3 gateways,0.9,12969,593,140,1000000,215,14415,596574,1155,0,14415,13383,7,-13562,0,0
Multihop 1 gateways,1,13311,2106,140,1000000,215,16600,1373384,1155,439,0,15417,7,90,654,0.998308
LoraWAN 1 gateways,1,3676,146,140,1000000,215,15209,169096,1155,0,11387,3822,7,0,0,0
LoraWAN 2 gateways,1,11367,678,140,1000000,215,15209,522882,1155,0,15209,12045,7,-12045,0,0
LoraWAN 3 gateways,1,13644,615,140,1000000,215,15209,627624,1155,0,15209,14123,7,-14259,0,0
Multihop 1 gateways,0.1,2587,66,140,1000000,215,2705,319536,1155,21,0,2653,7,4,27,0.998576
LoraWAN 1 gateways,0.1,636,6,140,1000000,215,2704,29256,1155,0,2062,642,7,0,0,0
LoraWAN 2 gateways,0.1,1186,3,140,1000000,215,2704,54556,1155,0,2704,1189,7,-1189,0,0
LoraWAN 3 gateways,0.1,2155,12,140,1000000,215,2704,99130,1155,0,2704,2166,7,-2167,0,0
Multihop 1 gateways,0.2,4459,446,140,1000000,215,5073,548048,1155,39,0,4905,7,12,117,0.990571
LoraWAN 1 gateways,0.2,1196,16,140,1000000,215,5039,55016,1155,0,3827,1212,7,0,0,0
LoraWAN 2 gateways,0.2,2278,22,140,1000000,215,5039,104788,1155,0,5039,2300,7,-2300,0,0
LoraWAN 3 gateways,0.2,4069,47,140,1000000,215,5039,187174,1155,0,5039,4111,7,-4116,0,0
Multihop 1 gateways,0.3,6335,431,140,1000000,215,7109,771988,1155,114,0,6766,7,16,213,0.995647
LoraWAN 1 gateways,0.3,1671,24,140,1000000,215,6968,76866,1155,0,5273,1695,7,0,0,0
LoraWAN 2 gateways,0.3,3141,35,140,1000000,215,6968,144486,1155,0,6968,3176,7,-3176,0,0
LoraWAN 3 gateways,0.3,5606,86,140,1000000,215,6968,257876,1155,0,6968,5679,7,-5692,0,0
Multihop 1 gateways,0.4,7675,772,140,1000000,215,8959,925055,1155,149,0,8448,7,18,345,0.987686
LoraWAN 1 gateways,0.4,2067,44,140,1000000,215,8691,95082,1155,0,6580,2111,7,0,0,0
LoraWAN 2 gateways,0.4,3943,39,140,1000000,215,8691,181378,1155,0,8691,3983,7,-3982,0,0
LoraWAN 3 gateways,0.4,6944,145,140,1000000,215,8691,319424,1155,0,8691,7064,7,-7089,0,0
Multihop 1 gateways,0.5,8969,897,140,1000000,215,10605,1072475,1155,245,0,9868,7,45,449,0.988117
LoraWAN 1 gateways,0.5,2388,79,140,1000000,215,10126,109848,1155,0,7659,2467,7,0,0,0
LoraWAN 2 gateways,0.5,4511,83,140,1000000,215,10126,207506,1155,0,10126,4594,7,-4594,0,0
LoraWAN 3 gateways,0.5,8106,158,140,1000000,215,10126,372876,1155,0,10126,8239,7,-8264,0,0
Multihop 1 gateways,0.6,9947,1177,140,1000000,215,12062,1198427,1155,272,0,11124,7,34,632,0.98335
LoraWAN 1 gateways,0.6,2711,53,140,1000000,215,11372,124706,1155,0,8608,2764,7,0,0,0
LoraWAN 2 gateways,0.6,5066,98,140,1000000,215,11372,233036,1155,0,11372,5164,7,-5164,0,0
LoraWAN 3 gateways,0.6,9046,226,140,1000000,215,11372,416116,1155,0,11372,9244,7,-9272,0,0
Multihop 1 gateways,0.7,10950,1355,140,1000000,215,13408,1306793,1155,295,0,12306,7,49,759,0.988205
LoraWAN 1 gateways,0.7,2960,110,140,1000000,215,12468,136160,1155,0,9398,3070,7,0,0,0
LoraWAN 2 gateways,0.7,5570,120,140,1000000,215,12468,256220,1155,0,12468,5690,7,-5690,0,0
LoraWAN 3 gateways,0.7,9945,265,140,1000000,215,12468,457470,1155,0,12468,10160,7,-10210,0,0
Multihop 1 gateways,0.8,11686,1719,140,1000000,215,14696,1380677,1155,346,0,13405,7,78,867,0.986928
LoraWAN 1 gateways,0.8,3148,120,140,1000000,215,13493,144808,1155,0,10225,3268,7,0,0,0
LoraWAN 2 gateways,0.8,6043,110,140,1000000,215,13493,277978,1155,0,13493,6153,7,-6153,0,0
LoraWAN 3 gateways,0.8,10708,293,140,1000000,215,13493,492568,1155,0,13493,10951,7,-11001,0,0
Multihop 1 gateways,0.9,12525,1751,140,1000000,215,15838,1466069,1155,440,0,14276,7,92,1030,0.984123
LoraWAN 1 gateways,0.9,3403,127,140,1000000,215,14415,156538,1155,0,10885,3530,7,0,0,0
LoraWAN 2 gateways,0.9,6456,132,140,1000000,215,14415,296976,1155,0,14415,6588,7,-6588,0,0
LoraWAN 3 gateways,0.9,11448,344,140,1000000,215,14415,526608,1155,0,14415,11748,7,-11792,0,0
Multihop 1 gateways,1,13054,2093,140,1000000,215,16901,1519105,1155,508,0,15149,7,58,1188,0.978618
LoraWAN 1 gateways,1,3539,143,140,1000000,215,15209,162794,1155,0,11527,3682,7,0,0,0
LoraWAN 2 gateways,1,6776,164,140,1000000,215,15209,311696,1155,0,15209,6940,7,-6940,0,0
LoraWAN 3 gateways,1,12084,340,140,1000000,215,15209,555864,1155,0,15209,12366,7,-12424,0,0
Multihop 1 gateways,0.1,2624,60,140,1000000,215,2708,270659,1155,5,0,2684,7,0,19,0.999642
LoraWAN 1 gateways,0.1,752,6,140,1000000,215,2704,34592,1155,0,1946,758,7,0,0,0
LoraWAN 2 gateways,0.1,1916,8,140,1000000,215,2704,88136,1155,0,2704,1924,7,-1924,0,0
LoraWAN 3 gateways,0.1,2590,17,140,1000000,215,2704,119140,1155,0,2704,2605,7,-2607,0,0
Multihop 1 gateways,0.2,4850,172,140,1000000,215,5069,498355,1155,15,0,5022,7,3,29,0.999613
LoraWAN 1 gateways,0.2,1366,13,140,1000000,215,5039,62836,1155,0,3660,1379,7,0,0,0
LoraWAN 2 gateways,0.2,3619,25,140,1000000,215,5039,166474,1155,0,5039,3644,7,-3644,0,0
LoraWAN 3 gateways,0.2,4820,43,140,1000000,215,5039,221720,1155,0,5039,4856,7,-4863,0,0
Multihop 1 gateways,0.3,6541,448,140,1000000,215,7078,669761,1155,13,0,6989,7,9,67,0.999853
LoraWAN 1 gateways,0.3,2012,46,140,1000000,215,6968,92552,1155,0,4910,2058,7,0,0,0
LoraWAN 2 gateways,0.3,4967,50,140,1000000,215,6968,228482,1155,0,6968,5017,7,-5017,0,0
LoraWAN 3 gateways,0.3,6658,98,140,1000000,215,6968,306268,1155,0,6968,6721,7,-6756,0,0
Multihop 1 gateways,0.4,8148,638,140,1000000,215,8932,827651,1155,41,0,8786,7,5,100,0.996633
LoraWAN 1 gateways,0.4,2411,52,140,1000000,215,8691,110906,1155,0,6228,2463,7,0,0,0
LoraWAN 2 gateways,0.4,6147,100,140,1000000,215,8691,282762,1155,0,8691,6249,7,-6247,0,0
LoraWAN 3 gateways,0.4,8214,194,140,1000000,215,8691,377844,1155,0,8691,8365,7,-8408,0,0
Multihop 1 gateways,0.5,9447,896,140,1000000,215,10550,953485,1155,53,0,10343,7,16,138,0.997933
LoraWAN 1 gateways,0.5,2823,82,140,1000000,215,10126,129858,1155,0,7221,2905,7,0,0,0
LoraWAN 2 gateways,0.5,7158,139,140,1000000,215,10126,329268,1155,0,10126,7297,7,-7297,0,0
LoraWAN 3 gateways,0.5,9556,234,140,1000000,215,10126,439576,1155,0,10126,9741,7,-9790,0,0
Multihop 1 gateways,0.6,10345,1298,140,1000000,215,11938,1043506,1155,70,0,11644,7,17,208,0.999109
LoraWAN 1 gateways,0.6,3133,89,140,1000000,215,11372,144118,1155,0,8150,3222,7,0,0,0
LoraWAN 2 gateways,0.6,7977,225,140,1000000,215,11372,366942,1155,0,11372,8202,7,-8202,0,0
LoraWAN 3 gateways,0.6,10744,281,140,1000000,215,11372,494224,1155,0,11372,10973,7,-11025,0,0
Multihop 1 gateways,0.7,11268,1690,140,1000000,215,13269,1129239,1155,67,0,12959,7,25,219,0.982516
LoraWAN 1 gateways,0.7,3407,146,140,1000000,215,12468,156722,1155,0,8915,3553,7,0,0,0
LoraWAN 2 gateways,0.7,8744,240,140,1000000,215,12468,402224,1155,0,12468,8984,7,-8984,0,0
LoraWAN 3 gateways,0.7,11739,355,140,1000000,215,12468,539994,1155,0,12468,12023,7,-12094,0,0
Multihop 1 gateways,0.8,12589,1505,140,1000000,215,14478,1253856,1155,88,0,14094,7,24,272,0.998084
LoraWAN 1 gateways,0.8,3715,149,140,1000000,215,13493,170890,1155,0,9629,3864,7,0,0,0
LoraWAN 2 gateways,0.8,9468,277,140,1000000,215,13493,435528,1155,0,13493,9745,7,-9745,0,0
LoraWAN 3 gateways,0.8,12649,448,140,1000000,215,13493,581854,1155,0,13493,13005,7,-13097,0,0
Multihop 1 gateways,0.9,12968,2205,140,1000000,215,15644,1288986,1155,135,0,15173,7,20,316,0.998939
LoraWAN 1 gateways,0.9,3973,169,140,1000000,215,14415,182758,1155,0,10273,4142,7,0,0,0
LoraWAN 2 gateways,0.9,10098,311,140,1000000,215,14415,464508,1155,0,14415,10409,7,-10409,0,0
LoraWAN 3 gateways,0.9,13546,436,140,1000000,215,14415,623116,1155,0,14415,13879,7,-13982,0,0
Multihop 1 gateways,1,14134,2037,140,1000000,215,16677,1405066,1155,119,0,16171,7,27,360,0.998715
LoraWAN 1 gateways,1,4143,196,140,1000000,215,15209,190578,1155,0,10870,4339,7,0,0,0
LoraWAN 2 gateways,1,10592,362,140,1000000,215,15209,487232,1155,0,15209,10954,7,-10954,0,0
LoraWAN 3 gateways,1,14271,499,140,1000000,215,15209,656466,1155,0,15209,14656,7,-14770,0,0
Multihop 1 gateways,0.1,2634,43,140,1000000,215,2705,294604,1155,7,0,2677,7,2,19,0.999983
LoraWAN 1 gateways,0.1,745,8,140,1000000,215,2704,34270,1155,0,1951,753,7,0,0,0
LoraWAN 2 gateways,0.1,1686,15,140,1000000,215,2704,77556,1155,0,2704,1702,7,-1701,0,0
LoraWAN 3 gateways,0.1,2285,21,140,1000000,215,2704,105110,1155,0,2704,2302,7,-2306,0,0
Multihop 1 gateways,0.2,4783,216,140,1000000,215,5074,529802,1155,18,0,4999,7,2,55,0.999921
LoraWAN 1 gateways,0.2,1354,10,140,1000000,215,5039,62284,1155,0,3675,1364,7,0,0,0
LoraWAN 2 gateways,0.2,3243,26,140,1000000,215,5039,149178,1155,0,5039,3269,7,-3269,0,0
LoraWAN 3 gateways,0.2,4275,60,140,1000000,215,5039,196650,1155,0,5039,4319,7,-4335,0,0
Multihop 1 gateways,0.3,6522,436,140,1000000,215,7095,717606,1155,42,0,6958,7,11,84,0.999641
LoraWAN 1 gateways,0.3,1914,48,140,1000000,215,6968,88044,1155,0,5006,1962,7,0,0,0
LoraWAN 2 gateways,0.3,4395,58,140,1000000,215,6968,202170,1155,0,6968,4453,7,-4453,0,0
LoraWAN 3 gateways,0.3,5909,81,140,1000000,215,6968,271814,1155,0,6968,5964,7,-5990,0,0
Multihop 1 gateways,0.4,7971,783,140,1000000,215,8957,863621,1155,66,0,8755,7,11,126,0.999206
LoraWAN 1 gateways,0.4,2334,78,140,1000000,215,8691,107364,1155,0,6278,2413,7,1,0,0
LoraWAN 2 gateways,0.4,5445,88,140,1000000,215,8691,250470,1155,0,8691,5535,7,-5533,0,0
LoraWAN 3 gateways,0.4,7329,150,140,1000000,215,8691,337134,1155,0,8691,7444,7,-7479,0,0
Multihop 1 gateways,0.5,9531,775,140,1000000,215,10592,1030263,1155,82,0,10306,7,12,192,0.999335
LoraWAN 1 gateways,0.5,2735,83,140,1000000,215,10126,125810,1155,0,7308,2818,7,0,0,0
LoraWAN 2 gateways,0.5,6392,97,140,1000000,215,10126,294032,1155,0,10126,6489,7,-6489,0,0
LoraWAN 3 gateways,0.5,8534,189,140,1000000,215,10126,392564,1155,0,10126,8665,7,-8723,0,0
Multihop 1 gateways,0.6,10488,1142,140,1000000,215,12040,1142279,1155,112,0,11630,7,23,275,0.999787
LoraWAN 1 gateways,0.6,3057,94,140,1000000,215,11372,140622,1155,0,8221,3151,7,0,0,0
LoraWAN 2 gateways,0.6,7178,137,140,1000000,215,11372,330188,1155,0,11372,7315,7,-7315,0,0
LoraWAN 3 gateways,0.6,9612,234,140,1000000,215,11372,442152,1155,0,11372,9775,7,-9846,0,0
Multihop 1 gateways,0.7,11413,1406,140,1000000,215,13320,1231960,1155,147,0,12819,7,35,319,0.998624
LoraWAN 1 gateways,0.7,3338,88,140,1000000,215,12468,153548,1155,0,9042,3426,7,0,0,0
LoraWAN 2 gateways,0.7,7815,167,140,1000000,215,12468,359490,1155,0,12468,7982,7,-7982,0,0
LoraWAN 3 gateways,0.7,10481,277,140,1000000,215,12468,482126,1155,0,12468,10667,7,-10758,0,0
Multihop 1 gateways,0.8,12036,1957,140,1000000,215,14582,1272328,1155,171,0,13994,7,32,386,0.991901
LoraWAN 1 gateways,0.8,3618,122,140,1000000,215,13493,166428,1155,0,9753,3740,7,0,0,0
LoraWAN 2 gateways,0.8,8436,264,140,1000000,215,13493,388056,1155,0,13493,8700,7,-8700,0,0
LoraWAN 3 gateways,0.8,11276,379,140,1000000,215,13493,518696,1155,0,13493,11575,7,-11655,0,0
Multihop 1 gateways,0.9,13292,1823,140,1000000,215,15794,1421826,1155,164,0,15117,7,53,462,0.996976
LoraWAN 1 gateways,0.9,3889,156,140,1000000,215,14415,178894,1155,0,10370,4045,7,0,0,0
LoraWAN 2 gateways,0.9,9044,283,140,1000000,215,14415,416024,1155,0,14415,9328,7,-9327,0,0
LoraWAN 3 gateways,0.9,12126,332,140,1000000,215,14415,557796,1155,0,14415,12367,7,-12458,0,0
Multihop 1 gateways,1,14164,1902,140,1000000,215,16830,1508580,1155,187,0,16068,7,56,521,0.999311
LoraWAN 1 gateways,1,4042,184,140,1000000,215,15209,185932,1155,0,10983,4226,7,0,0,0
LoraWAN 2 gateways,1,9458,289,140,1000000,215,15209,435068,1155,0,15209,9747,7,-9747,0,0
LoraWAN 3 gateways,1,12724,453,140,1000000,215,15209,585304,1155,0,15209,13015,7,-13177,0,0
