case,rate,decoded,non_decoded,nodes_number,life_time,maximum_trans,gen_packets,delay,max_delay,interference_in_node,out_of_range_in_ge,in_range_in_ge,max_sf,time_out,drop_p_async,fairness,power_consumption
Multihop 1 gateways,0.1,572,4,160,200000,43,608,194.889,1155,11,0,576,12,3,18,0.998932,0.245493
LoraWAN 1 gateways,0.1,33,0,160,200000,43,608,9.2,1155,0,575,33,7,0,0,0,-nan
LoraWAN 2 gateways,0.1,208,1,160,200000,43,608,40.8889,1155,0,608,209,7,-209,0,0,-nan
LoraWAN 3 gateways,0.1,326,5,160,200000,43,608,40.8889,1155,0,608,331,7,-331,0,0,-nan
Multihop 1 gateways,0.2,1037,22,160,200000,43,1166,194.889,1155,32,0,1059,7,0,75,0.998013,0.4561
LoraWAN 1 gateways,0.2,78,0,160,200000,43,1152,9.2,1155,0,1074,78,7,0,0,0,-nan
LoraWAN 2 gateways,0.2,410,0,160,200000,43,1152,40.8889,1155,0,1152,410,7,-410,0,0,-nan
LoraWAN 3 gateways,0.2,639,2,160,200000,43,1152,40.8889,1155,0,1152,641,7,-641,0,0,-nan
Multihop 1 gateways,0.3,1344,129,160,200000,43,1669,194.889,1155,38,0,1473,7,5,153,0.992705,0.639115
LoraWAN 1 gateways,0.3,107,0,160,200000,43,1621,9.2,1155,0,1514,107,7,0,0,0,-nan
LoraWAN 2 gateways,0.3,574,2,160,200000,43,1621,40.8889,1155,0,1621,576,7,-576,0,0,-nan
LoraWAN 3 gateways,0.3,903,10,160,200000,43,1621,40.8889,1155,0,1621,913,7,-913,0,0,-nan
Multihop 1 gateways,0.4,1698,66,160,200000,43,2129,194.889,1155,73,0,1764,7,12,280,0.984795,0.790971
LoraWAN 1 gateways,0.4,154,0,160,200000,43,2024,9.2,1155,0,1870,154,7,0,0,0,-nan
LoraWAN 2 gateways,0.4,738,16,160,200000,43,2024,40.8889,1155,0,2024,754,7,-754,0,0,-nan
LoraWAN 3 gateways,0.4,1142,12,160,200000,43,2024,40.8889,1155,0,2024,1154,7,-1154,0,0,-nan
Multihop 1 gateways,0.5,1861,180,160,200000,43,2508,194.889,1155,139,0,2042,7,16,312,0.981971,0.930678
LoraWAN 1 gateways,0.5,153,0,160,200000,43,2366,9.2,1155,0,2213,153,7,0,0,0,-nan
LoraWAN 2 gateways,0.5,852,12,160,200000,43,2366,40.8889,1155,0,2366,864,7,-864,0,0,-nan
LoraWAN 3 gateways,0.5,1351,16,160,200000,43,2366,40.8889,1155,0,2366,1367,7,-1367,0,0,-nan
Multihop 1 gateways,0.6,2098,195,160,200000,43,2908,194.889,1155,157,0,2294,7,3,455,0.984302,1.04975
LoraWAN 1 gateways,0.6,186,2,160,200000,43,2655,9.2,1155,0,2467,188,7,0,0,0,-nan
LoraWAN 2 gateways,0.6,959,19,160,200000,43,2655,40.8889,1155,0,2655,978,7,-978,0,0,-nan
LoraWAN 3 gateways,0.6,1503,19,160,200000,43,2655,40.8889,1155,0,2655,1522,7,-1522,0,0,-nan
Multihop 1 gateways,0.7,2135,370,160,200000,43,3231,194.889,1155,214,0,2505,7,29,483,0.984386,1.14154
LoraWAN 1 gateways,0.7,189,2,160,200000,43,2886,9.2,1155,0,2695,191,7,0,0,0,-nan
LoraWAN 2 gateways,0.7,1035,18,160,200000,43,2886,40.8889,1155,0,2886,1053,7,-1053,0,0,-nan
LoraWAN 3 gateways,0.7,1612,26,160,200000,43,2886,40.8889,1155,0,2886,1638,7,-1638,0,0,-nan
Multihop 1 gateways,0.8,2271,428,160,200000,43,3567,194.889,1155,247,0,2699,7,26,595,0.979356,1.27561
LoraWAN 1 gateways,0.8,220,0,160,200000,43,3121,9.2,1155,0,2901,220,7,0,0,0,-nan
LoraWAN 2 gateways,0.8,1145,17,160,200000,43,3121,40.8889,1155,0,3121,1162,7,-1162,0,0,-nan
LoraWAN 3 gateways,0.8,1780,17,160,200000,43,3121,40.8889,1155,0,3121,1797,7,-1797,0,0,-nan
Multihop 1 gateways,0.9,2674,261,160,200000,43,3862,194.889,1155,218,0,2935,7,25,684,0.972911,1.33653
LoraWAN 1 gateways,0.9,235,0,160,200000,43,3329,9.2,1155,0,3094,235,7,0,0,0,-nan
LoraWAN 2 gateways,0.9,1217,23,160,200000,43,3329,40.8889,1155,0,3329,1240,7,-1240,0,0,-nan
LoraWAN 3 gateways,0.9,1846,35,160,200000,43,3329,40.8889,1155,0,3329,1881,7,-1881,0,0,-nan
Multihop 1 gateways,1,2778,270,160,200000,43,4150,194.889,1155,289,0,3048,7,18,795,0.964637,1.443
LoraWAN 1 gateways,1,230,2,160,200000,43,3513,9.2,1155,0,3281,232,7,0,0,0,-nan
LoraWAN 2 gateways,1,1286,16,160,200000,43,3513,40.8889,1155,0,3513,1302,7,-1302,0,0,-nan
LoraWAN 3 gateways,1,1944,55,160,200000,43,3513,40.8889,1155,0,3513,1999,7,-1999,0,0,-nan
Multihop 1 gateways,0.1,578,2,160,200000,43,608,194.889,1155,6,0,580,7,0,22,0.998883,0.243202
LoraWAN 1 gateways,0.1,34,0,160,200000,43,608,9.2,1155,0,574,34,7,0,0,0,-nan
LoraWAN 2 gateways,0.1,216,2,160,200000,43,608,40.8889,1155,0,608,218,7,-218,0,0,-nan
LoraWAN 3 gateways,0.1,376,3,160,200000,43,608,40.25,1155,0,608,379,7,-379,0,0,-nan
Multihop 1 gateways,0.2,1019,52,160,200000,43,1170,194.889,1155,24,0,1071,7,10,65,0.998643,0.433545
LoraWAN 1 gateways,0.2,85,2,160,200000,43,1152,9.2,1155,0,1065,87,7,0,0,0,-nan
LoraWAN 2 gateways,0.2,422,0,160,200000,43,1152,40.8889,1155,0,1152,422,7,-422,0,0,-nan
LoraWAN 3 gateways,0.2,723,5,160,200000,43,1152,40.25,1155,0,1152,728,7,-728,0,0,-nan
Multihop 1 gateways,0.3,1396,80,160,200000,43,1666,194.889,1155,37,0,1477,7,12,141,0.993132,0.615561
LoraWAN 1 gateways,0.3,113,2,160,200000,43,1621,9.2,1155,0,1506,115,7,0,0,0,-nan
LoraWAN 2 gateways,0.3,594,7,160,200000,43,1621,40.8889,1155,0,1621,601,7,-601,0,0,-nan
LoraWAN 3 gateways,0.3,1011,16,160,200000,43,1621,40.25,1155,0,1621,1027,7,-1027,0,0,-nan
Multihop 1 gateways,0.4,1653,168,160,200000,43,2135,194.889,1155,57,0,1822,7,19,238,0.993154,0.765314
LoraWAN 1 gateways,0.4,167,0,160,200000,43,2024,9.2,1155,0,1857,167,7,0,0,0,-nan
LoraWAN 2 gateways,0.4,730,10,160,200000,43,2024,40.8889,1155,0,2024,740,7,-740,0,0,-nan
LoraWAN 3 gateways,0.4,1237,19,160,200000,43,2024,40.25,1155,0,2024,1256,7,-1256,0,0,-nan
Multihop 1 gateways,0.5,1855,249,160,200000,43,2506,194.889,1155,95,0,2106,7,18,289,0.988497,0.896597
LoraWAN 1 gateways,0.5,175,2,160,200000,43,2366,9.2,1155,0,2189,177,7,0,0,0,-nan
LoraWAN 2 gateways,0.5,862,8,160,200000,43,2366,40.8889,1155,0,2366,870,7,-870,0,0,-nan
LoraWAN 3 gateways,0.5,1468,25,160,200000,43,2366,40.25,1155,0,2366,1493,7,-1493,0,0,-nan
Multihop 1 gateways,0.6,2036,299,160,200000,43,2897,194.889,1155,136,0,2335,7,21,405,0.986694,0.99874
LoraWAN 1 gateways,0.6,197,2,160,200000,43,2655,9.2,1155,0,2456,199,7,0,0,0,-nan
LoraWAN 2 gateways,0.6,983,18,160,200000,43,2655,40.8889,1155,0,2655,1001,7,-1001,0,0,-nan
LoraWAN 3 gateways,0.6,1662,31,160,200000,43,2655,40.25,1155,0,2655,1693,7,-1693,0,0,-nan
Multihop 1 gateways,0.7,2319,267,160,200000,43,3232,194.889,1155,130,0,2586,7,26,490,0.984264,1.12622
LoraWAN 1 gateways,0.7,207,6,160,200000,43,2886,9.2,1155,0,2673,213,7,0,0,0,-nan
LoraWAN 2 gateways,0.7,1059,13,160,200000,43,2886,40.8889,1155,0,2886,1072,7,-1072,0,0,-nan
LoraWAN 3 gateways,0.7,1803,33,160,200000,43,2886,40.25,1155,0,2886,1836,7,-1836,0,0,-nan
Multihop 1 gateways,0.8,2418,344,160,200000,43,3548,194.889,1155,196,0,2762,7,32,558,0.967,1.21134
LoraWAN 1 gateways,0.8,226,8,160,200000,43,3121,9.2,1155,0,2887,234,7,0,0,0,-nan
LoraWAN 2 gateways,0.8,1124,23,160,200000,43,3121,40.8889,1155,0,3121,1147,7,-1147,0,0,-nan
LoraWAN 3 gateways,0.8,1930,35,160,200000,43,3121,40.25,1155,0,3121,1965,7,-1965,0,0,-nan
Multihop 1 gateways,0.9,2452,450,160,200000,43,3845,194.889,1155,250,0,2902,7,39,654,0.97568,1.28828
LoraWAN 1 gateways,0.9,256,0,160,200000,43,3329,9.2,1155,0,3073,256,7,0,0,0,-nan
LoraWAN 2 gateways,0.9,1208,21,160,200000,43,3329,40.8889,1155,0,3329,1229,7,-1229,0,0,-nan
LoraWAN 3 gateways,0.9,2062,47,160,200000,43,3329,40.25,1155,0,3329,2109,7,-2109,0,0,-nan
Multihop 1 gateways,1,2495,659,160,200000,43,4133,194.889,1155,209,0,3154,7,40,730,0.975485,1.39904
LoraWAN 1 gateways,1,251,4,160,200000,43,3513,9.2,1155,0,3258,255,7,0,0,0,-nan
LoraWAN 2 gateways,1,1229,46,160,200000,43,3513,40.8889,1155,0,3513,1275,7,-1275,0,0,-nan
LoraWAN 3 gateways,1,2153,45,160,200000,43,3513,40.25,1155,0,3513,2199,7,-2198,0,0,-nan
Multihop 1 gateways,0.1,561,14,160,200000,43,607,194.889,1155,4,0,575,7,2,26,0.998957,0.236853
LoraWAN 1 gateways,0.1,35,0,160,200000,43,608,9.2,1155,0,573,35,7,0,0,0,-nan
LoraWAN 2 gateways,0.1,265,4,160,200000,43,608,40.8889,1155,0,608,269,7,-269,0,0,-nan
LoraWAN 3 gateways,0.1,366,1,160,200000,43,608,40.25,1155,0,608,367,7,-367,0,0,-nan
Multihop 1 gateways,0.2,1054,20,160,200000,43,1167,194.889,1155,21,0,1075,7,2,70,0.997762,0.446645
LoraWAN 1 gateways,0.2,83,2,160,200000,43,1152,9.2,1155,0,1067,85,7,0,0,0,-nan
LoraWAN 2 gateways,0.2,446,4,160,200000,43,1152,40.8889,1155,0,1152,450,7,-450,0,0,-nan
LoraWAN 3 gateways,0.2,651,6,160,200000,43,1152,40.25,1155,0,1152,657,7,-657,0,0,-nan
Multihop 1 gateways,0.3,1428,58,160,200000,43,1673,194.889,1155,47,0,1486,7,5,135,0.991606,0.627276
LoraWAN 1 gateways,0.3,113,4,160,200000,43,1621,9.2,1155,0,1504,117,7,0,0,0,-nan
LoraWAN 2 gateways,0.3,633,9,160,200000,43,1621,40.8889,1155,0,1621,642,7,-642,0,0,-nan
LoraWAN 3 gateways,0.3,937,14,160,200000,43,1621,40.25,1155,0,1621,951,7,-951,0,0,-nan
Multihop 1 gateways,0.4,1655,152,160,200000,43,2124,194.889,1155,66,0,1807,7,9,242,0.993171,0.769892
LoraWAN 1 gateways,0.4,164,0,160,200000,43,2024,9.2,1155,0,1860,164,7,0,0,0,-nan
LoraWAN 2 gateways,0.4,777,8,160,200000,43,2024,40.8889,1155,0,2024,785,7,-785,0,0,-nan
LoraWAN 3 gateways,0.4,1128,20,160,200000,43,2024,40.25,1155,0,2024,1148,7,-1148,0,0,-nan
Multihop 1 gateways,0.5,1752,307,160,200000,43,2509,194.889,1155,112,0,2059,7,5,333,0.988207,0.909055
LoraWAN 1 gateways,0.5,176,2,160,200000,43,2366,9.2,1155,0,2188,178,7,0,0,0,-nan
LoraWAN 2 gateways,0.5,936,23,160,200000,43,2366,40.8889,1155,0,2366,959,7,-959,0,0,-nan
LoraWAN 3 gateways,0.5,1333,34,160,200000,43,2366,40.25,1155,0,2366,1367,7,-1367,0,0,-nan
Multihop 1 gateways,0.6,1985,345,160,200000,43,2910,194.889,1155,133,0,2330,7,20,427,0.974939,1.05202
LoraWAN 1 gateways,0.6,203,0,160,200000,43,2655,9.2,1155,0,2452,203,7,0,0,0,-nan
LoraWAN 2 gateways,0.6,1046,21,160,200000,43,2655,40.8889,1155,0,2655,1067,7,-1067,0,0,-nan
LoraWAN 3 gateways,0.6,1491,30,160,200000,43,2655,40.25,1155,0,2655,1521,7,-1521,0,0,-nan
Multihop 1 gateways,0.7,2242,348,160,200000,43,3237,194.889,1155,157,0,2590,7,26,464,0.977532,1.1438
LoraWAN 1 gateways,0.7,214,2,160,200000,43,2886,9.2,1155,0,2670,216,7,0,0,0,-nan
LoraWAN 2 gateways,0.7,1111,25,160,200000,43,2886,40.8889,1155,0,2886,1136,7,-1136,0,0,-nan
LoraWAN 3 gateways,0.7,1608,23,160,200000,43,2886,40.25,1155,0,2886,1631,7,-1631,0,0,-nan
Multihop 1 gateways,0.8,2582,244,160,200000,43,3573,194.889,1155,167,0,2826,7,23,557,0.981851,1.24773
LoraWAN 1 gateways,0.8,241,0,160,200000,43,3121,9.2,1155,0,2880,241,7,0,0,0,-nan
LoraWAN 2 gateways,0.8,1199,31,160,200000,43,3121,40.8889,1155,0,3121,1230,7,-1230,0,0,-nan
LoraWAN 3 gateways,0.8,1748,26,160,200000,43,3121,40.25,1155,0,3121,1774,7,-1774,0,0,-nan
Multihop 1 gateways,0.9,2658,329,160,200000,43,3863,194.889,1155,180,0,2987,7,16,680,0.980021,1.33845
LoraWAN 1 gateways,0.9,255,0,160,200000,43,3329,9.2,1155,0,3074,255,7,0,0,0,-nan
LoraWAN 2 gateways,0.9,1273,24,160,200000,43,3329,40.8889,1155,0,3329,1297,7,-1297,0,0,-nan
LoraWAN 3 gateways,0.9,1862,35,160,200000,43,3329,40.25,1155,0,3329,1897,7,-1897,0,0,-nan
Multihop 1 gateways,1,2619,508,160,200000,43,4132,194.889,1155,253,0,3128,7,20,732,0.981031,1.41402
LoraWAN 1 gateways,1,257,0,160,200000,43,3513,9.2,1155,0,3256,257,7,0,0,0,-nan
LoraWAN 2 gateways,1,1358,29,160,200000,43,3513,40.8889,1155,0,3513,1388,7,-1387,0,0,-nan
LoraWAN 3 gateways,1,1942,47,160,200000,43,3513,40.25,1155,0,3513,1990,7,-1989,0,0,-nan
Multihop 1 gateways,0.1,559,14,160,200000,43,606,194.889,1155,9,0,573,7,2,22,0.996542,0.244952
LoraWAN 1 gateways,0.1,30,0,160,200000,43,608,9.2,1155,0,578,30,7,0,0,0,-nan
LoraWAN 2 gateways,0.1,225,1,160,200000,43,608,40.8889,1155,0,608,226,7,-226,0,0,-nan
LoraWAN 3 gateways,0.1,357,2,160,200000,43,608,40.8889,1155,0,608,359,7,-359,0,0,-nan
Multihop 1 gateways,0.2,1030,33,160,200000,43,1166,194.889,1155,30,0,1064,7,4,69,0.997616,0.457886
LoraWAN 1 gateways,0.2,72,0,160,200000,43,1152,9.2,1155,0,1080,72,7,0,0,0,-nan
LoraWAN 2 gateways,0.2,461,3,160,200000,43,1152,40.8889,1155,0,1152,464,7,-464,0,0,-nan
LoraWAN 3 gateways,0.2,700,4,160,200000,43,1152,40.8889,1155,0,1152,704,7,-704,0,0,-nan
Multihop 1 gateways,0.3,1383,78,160,200000,43,1670,194.889,1155,58,0,1462,7,7,144,0.99576,0.652187
LoraWAN 1 gateways,0.3,94,2,160,200000,43,1621,9.2,1155,0,1525,96,7,0,0,0,-nan
LoraWAN 2 gateways,0.3,626,5,160,200000,43,1621,40.8889,1155,0,1621,631,7,-631,0,0,-nan
LoraWAN 3 gateways,0.3,975,13,160,200000,43,1621,40.8889,1155,0,1621,988,7,-988,0,0,-nan
Multihop 1 gateways,0.4,1710,106,160,200000,43,2127,194.889,1155,65,0,1816,7,18,228,0.990556,0.815004
LoraWAN 1 gateways,0.4,140,0,160,200000,43,2024,9.2,1155,0,1884,140,7,0,0,0,-nan
LoraWAN 2 gateways,0.4,814,8,160,200000,43,2024,40.8889,1155,0,2024,822,7,-822,0,0,-nan
LoraWAN 3 gateways,0.4,1235,14,160,200000,43,2024,40.8889,1155,0,2024,1249,7,-1249,0,0,-nan
Multihop 1 gateways,0.5,1898,145,160,200000,43,2519,194.889,1155,137,0,2043,7,11,328,0.989379,0.923591
LoraWAN 1 gateways,0.5,139,0,160,200000,43,2366,9.2,1155,0,2227,139,7,0,0,0,-nan
LoraWAN 2 gateways,0.5,971,12,160,200000,43,2366,40.8889,1155,0,2366,983,7,-983,0,0,-nan
LoraWAN 3 gateways,0.5,1440,31,160,200000,43,2366,40.8889,1155,0,2366,1471,7,-1471,0,0,-nan
Multihop 1 gateways,0.6,2028,291,160,200000,43,2900,194.889,1155,123,0,2319,7,10,448,0.980459,1.07325
LoraWAN 1 gateways,0.6,171,0,160,200000,43,2655,9.2,1155,0,2484,171,7,0,0,0,-nan
LoraWAN 2 gateways,0.6,1040,15,160,200000,43,2655,40.8889,1155,0,2655,1055,7,-1055,0,0,-nan
LoraWAN 3 gateways,0.6,1585,36,160,200000,43,2655,40.8889,1155,0,2655,1621,7,-1621,0,0,-nan
Multihop 1 gateways,0.7,2214,319,160,200000,43,3239,194.889,1155,144,0,2533,7,30,532,0.982832,1.16848
LoraWAN 1 gateways,0.7,179,0,160,200000,43,2886,9.2,1155,0,2707,179,7,0,0,0,-nan
LoraWAN 2 gateways,0.7,1112,23,160,200000,43,2886,40.8889,1155,0,2886,1135,7,-1135,0,0,-nan
LoraWAN 3 gateways,0.7,1729,25,160,200000,43,2886,40.8889,1155,0,2886,1754,7,-1754,0,0,-nan
Multihop 1 gateways,0.8,2545,210,160,200000,43,3560,194.889,1155,196,0,2755,7,20,589,0.982869,1.27988
LoraWAN 1 gateways,0.8,199,0,160,200000,43,3121,9.2,1155,0,2922,199,7,0,0,0,-nan
LoraWAN 2 gateways,0.8,1208,27,160,200000,43,3121,40.8889,1155,0,3121,1235,7,-1235,0,0,-nan
LoraWAN 3 gateways,0.8,1870,38,160,200000,43,3121,40.8889,1155,0,3121,1908,7,-1908,0,0,-nan
Multihop 1 gateways,0.9,2603,254,160,200000,43,3841,194.889,1155,263,0,2857,7,30,691,0.974223,1.35887
LoraWAN 1 gateways,0.9,216,0,160,200000,43,3329,9.2,1155,0,3113,216,7,0,0,0,-nan
LoraWAN 2 gateways,0.9,1300,20,160,200000,43,3329,40.8889,1155,0,3329,1320,7,-1320,0,0,-nan
LoraWAN 3 gateways,0.9,1994,40,160,200000,43,3329,40.8889,1155,0,3329,2034,7,-2034,0,0,-nan
Multihop 1 gateways,1,2417,620,160,200000,43,4140,194.889,1155,253,0,3037,7,31,819,0.962308,1.42651
LoraWAN 1 gateways,1,212,0,160,200000,43,3513,9.2,1155,0,3301,212,7,0,0,0,-nan
LoraWAN 2 gateways,1,1390,33,160,200000,43,3513,40.8889,1155,0,3513,1424,7,-1423,0,0,-nan
LoraWAN 3 gateways,1,2094,44,160,200000,43,3513,40.8889,1155,0,3513,2139,7,-2138,0,0,-nan
Multihop 1 gateways,0.1,559,14,160,200000,43,608,194.889,1155,14,0,573,7,-1,22,0.995148,0.229725
LoraWAN 1 gateways,0.1,32,0,160,200000,43,608,9.2,1155,0,576,32,7,0,0,0,-nan
LoraWAN 2 gateways,0.1,230,0,160,200000,43,608,40.8889,1155,0,608,230,7,-230,0,0,-nan
LoraWAN 3 gateways,0.1,354,1,160,200000,43,608,40.8889,1155,0,608,355,7,-355,0,0,-nan
Multihop 1 gateways,0.2,1010,56,160,200000,43,1172,194.889,1155,22,0,1067,7,4,80,0.995812,0.440724
LoraWAN 1 gateways,0.2,79,0,160,200000,43,1152,9.2,1155,0,1073,79,7,0,0,0,-nan
LoraWAN 2 gateways,0.2,463,2,160,200000,43,1152,40.8889,1155,0,1152,465,7,-465,0,0,-nan
LoraWAN 3 gateways,0.2,689,2,160,200000,43,1152,40.8889,1155,0,1152,691,7,-691,0,0,-nan
Multihop 1 gateways,0.3,1412,63,160,200000,43,1673,194.889,1155,38,0,1475,7,5,155,0.993151,0.626131
LoraWAN 1 gateways,0.3,105,0,160,200000,43,1621,9.2,1155,0,1516,105,7,0,0,0,-nan
LoraWAN 2 gateways,0.3,649,3,160,200000,43,1621,40.8889,1155,0,1621,652,7,-652,0,0,-nan
LoraWAN 3 gateways,0.3,966,10,160,200000,43,1621,40.8889,1155,0,1621,977,7,-976,0,0,-nan
Multihop 1 gateways,0.4,1613,186,160,200000,43,2126,194.889,1155,71,0,1800,7,17,239,0.994807,0.770942
LoraWAN 1 gateways,0.4,155,0,160,200000,43,2024,9.2,1155,0,1869,155,7,0,0,0,-nan
LoraWAN 2 gateways,0.4,772,15,160,200000,43,2024,40.8889,1155,0,2024,787,7,-787,0,0,-nan
LoraWAN 3 gateways,0.4,1177,17,160,200000,43,2024,40.8889,1155,0,2024,1194,7,-1194,0,0,-nan
Multihop 1 gateways,0.5,1973,88,160,200000,43,2514,194.889,1155,119,0,2061,7,5,329,0.985507,0.920088
LoraWAN 1 gateways,0.5,150,2,160,200000,43,2366,9.2,1155,0,2214,152,7,0,0,0,-nan
LoraWAN 2 gateways,0.5,932,12,160,200000,43,2366,40.8889,1155,0,2366,944,7,-944,0,0,-nan
LoraWAN 3 gateways,0.5,1417,16,160,200000,43,2366,40.8889,1155,0,2366,1433,7,-1433,0,0,-nan
Multihop 1 gateways,0.6,2154,219,160,200000,43,2910,194.889,1155,137,0,2373,7,6,394,0.985354,1.05127
LoraWAN 1 gateways,0.6,183,4,160,200000,43,2655,9.2,1155,0,2468,187,7,0,0,0,-nan
LoraWAN 2 gateways,0.6,1034,16,160,200000,43,2655,40.8889,1155,0,2655,1050,7,-1050,0,0,-nan
LoraWAN 3 gateways,0.6,1569,17,160,200000,43,2655,40.8889,1155,0,2655,1586,7,-1586,0,0,-nan
Multihop 1 gateways,0.7,1894,690,160,200000,43,3231,194.889,1155,152,0,2584,7,18,477,0.98279,1.15267
LoraWAN 1 gateways,0.7,199,0,160,200000,43,2886,9.2,1155,0,2687,199,7,0,0,0,-nan
LoraWAN 2 gateways,0.7,1129,18,160,200000,43,2886,40.8889,1155,0,2886,1147,7,-1147,0,0,-nan
LoraWAN 3 gateways,0.7,1674,27,160,200000,43,2886,40.8889,1155,0,2886,1701,7,-1701,0,0,-nan
Multihop 1 gateways,0.8,2470,308,160,200000,43,3578,194.889,1155,217,0,2779,7,8,575,0.979854,1.25545
LoraWAN 1 gateways,0.8,216,2,160,200000,43,3121,9.2,1155,0,2903,218,7,0,0,0,-nan
LoraWAN 2 gateways,0.8,1197,31,160,200000,43,3121,40.8889,1155,0,3121,1228,7,-1228,0,0,-nan
LoraWAN 3 gateways,0.8,1821,40,160,200000,43,3121,40.8889,1155,0,3121,1861,7,-1861,0,0,-nan
Multihop 1 gateways,0.9,2690,253,160,200000,43,3862,194.889,1155,233,0,2944,7,11,675,0.980192,1.3414
LoraWAN 1 gateways,0.9,233,4,160,200000,43,3329,9.2,1155,0,3092,237,7,0,0,0,-nan
LoraWAN 2 gateways,0.9,1299,27,160,200000,43,3329,40.8889,1155,0,3329,1326,7,-1326,0,0,-nan
LoraWAN 3 gateways,0.9,1931,42,160,200000,43,3329,40.8889,1155,0,3329,1973,7,-1973,0,0,-nan
Multihop 1 gateways,1,2651,454,160,200000,43,4138,194.889,1155,251,0,3106,7,45,737,0.967918,1.41447
LoraWAN 1 gateways,1,227,3,160,200000,43,3513,9.2,1155,0,3283,230,7,0,0,0,-nan
LoraWAN 2 gateways,1,1322,36,160,200000,43,3513,40.8889,1155,0,3513,1358,7,-1358,0,0,-nan
LoraWAN 3 gateways,1,2037,35,160,200000,43,3513,40.8889,1155,0,3513,2072,7,-2072,0,0,-nan
Multihop 1 gateways,0.1,565,16,160,200000,43,608,194.889,1155,5,0,581,7,2,20,0.999037,0.238779
LoraWAN 1 gateways,0.1,30,0,160,200000,43,608,9.2,1155,0,578,30,7,0,0,0,-nan
LoraWAN 2 gateways,0.1,215,0,160,200000,43,608,40.8889,1155,0,608,215,7,-215,0,0,-nan
LoraWAN 3 gateways,0.1,324,0,160,200000,43,608,40.25,1155,0,608,324,7,-324,0,0,-nan
Multihop 1 gateways,0.2,1042,28,160,200000,43,1166,194.889,1155,11,0,1070,7,1,84,0.99724,0.455485
LoraWAN 1 gateways,0.2,70,2,160,200000,43,1152,9.2,1155,0,1080,72,7,0,0,0,-nan
LoraWAN 2 gateways,0.2,393,2,160,200000,43,1152,40.8889,1155,0,1152,395,7,-395,0,0,-nan
LoraWAN 3 gateways,0.2,591,2,160,200000,43,1152,40.25,1155,0,1152,593,7,-593,0,0,-nan
Multihop 1 gateways,0.3,1373,73,160,200000,43,1670,194.889,1155,55,0,1448,7,8,161,0.993643,0.620383
LoraWAN 1 gateways,0.3,96,0,160,200000,43,1621,9.2,1155,0,1525,96,7,0,0,0,-nan
LoraWAN 2 gateways,0.3,607,2,160,200000,43,1621,40.8889,1155,0,1621,610,7,-609,0,0,-nan
LoraWAN 3 gateways,0.3,859,9,160,200000,43,1621,40.25,1155,0,1621,868,7,-868,0,0,-nan
Multihop 1 gateways,0.4,1724,74,160,200000,43,2126,194.889,1155,69,0,1798,7,8,251,0.983639,0.793461
LoraWAN 1 gateways,0.4,138,2,160,200000,43,2024,9.2,1155,0,1884,140,7,0,0,0,-nan
LoraWAN 2 gateways,0.4,727,12,160,200000,43,2024,40.8889,1155,0,2024,739,7,-739,0,0,-nan
LoraWAN 3 gateways,0.4,1081,16,160,200000,43,2024,40.25,1155,0,2024,1097,7,-1097,0,0,-nan
Multihop 1 gateways,0.5,1690,334,160,200000,43,2499,194.889,1155,133,0,2024,7,11,331,0.97951,0.924607
LoraWAN 1 gateways,0.5,139,0,160,200000,43,2366,9.2,1155,0,2227,139,7,0,0,0,-nan
LoraWAN 2 gateways,0.5,850,19,160,200000,43,2366,40.8889,1155,0,2366,869,7,-869,0,0,-nan
LoraWAN 3 gateways,0.5,1235,20,160,200000,43,2366,40.25,1155,0,2366,1255,7,-1255,0,0,-nan
Multihop 1 gateways,0.6,2054,297,160,200000,43,2928,194.889,1155,141,0,2352,7,17,419,0.985446,1.07409
LoraWAN 1 gateways,0.6,171,0,160,200000,43,2655,9.2,1155,0,2484,171,7,0,0,0,-nan
LoraWAN 2 gateways,0.6,962,8,160,200000,43,2655,40.8889,1155,0,2655,970,7,-970,0,0,-nan
LoraWAN 3 gateways,0.6,1376,35,160,200000,43,2655,40.25,1155,0,2655,1411,7,-1411,0,0,-nan
Multihop 1 gateways,0.7,2081,425,160,200000,43,3218,194.889,1155,173,0,2509,7,14,525,0.986576,1.17124
LoraWAN 1 gateways,0.7,175,4,160,200000,43,2886,9.2,1155,0,2707,179,7,0,0,0,-nan
LoraWAN 2 gateways,0.7,1083,24,160,200000,43,2886,40.8889,1155,0,2886,1107,7,-1107,0,0,-nan
LoraWAN 3 gateways,0.7,1544,19,160,200000,43,2886,40.25,1155,0,2886,1563,7,-1563,0,0,-nan
Multihop 1 gateways,0.8,2402,285,160,200000,43,3551,194.889,1155,215,0,2687,7,26,623,0.967841,1.2594
LoraWAN 1 gateways,0.8,195,4,160,200000,43,3121,9.2,1155,0,2922,199,7,0,0,0,-nan
LoraWAN 2 gateways,0.8,1134,34,160,200000,43,3121,40.8889,1155,0,3121,1168,7,-1168,0,0,-nan
LoraWAN 3 gateways,0.8,1648,30,160,200000,43,3121,40.25,1155,0,3121,1678,7,-1678,0,0,-nan
Multihop 1 gateways,0.9,2641,279,160,200000,43,3862,194.889,1155,209,0,2921,7,27,706,0.968666,1.36288
LoraWAN 1 gateways,0.9,216,0,160,200000,43,3329,9.2,1155,0,3113,216,7,0,0,0,-nan
LoraWAN 2 gateways,0.9,1238,22,160,200000,43,3329,40.8889,1155,0,3329,1260,7,-1260,0,0,-nan
LoraWAN 3 gateways,0.9,1745,34,160,200000,43,3329,40.25,1155,0,3329,1779,7,-1779,0,0,-nan
Multihop 1 gateways,1,2738,286,160,200000,43,4134,194.889,1155,283,0,3025,7,25,802,0.973617,1.44688
LoraWAN 1 gateways,1,210,2,160,200000,43,3513,9.2,1155,0,3301,212,7,0,0,0,-nan
LoraWAN 2 gateways,1,1271,33,160,200000,43,3513,40.8889,1155,0,3513,1304,7,-1304,0,0,-nan
LoraWAN 3 gateways,1,1856,33,160,200000,43,3513,40.25,1155,0,3513,1889,7,-1889,0,0,-nan
Multihop 1 gateways,0.1,565,10,160,200000,43,608,194.889,1155,17,0,575,7,2,14,0.997348,0.229926
LoraWAN 1 gateways,0.1,37,0,160,200000,43,608,9.2,1155,0,571,37,7,0,0,0,-nan
LoraWAN 2 gateways,0.1,211,0,160,200000,43,608,40.8889,1155,0,608,211,7,-211,0,0,-nan
LoraWAN 3 gateways,0.1,355,0,160,200000,43,608,40.25,1155,0,608,355,7,-355,0,0,-nan
Multihop 1 gateways,0.2,1013,52,160,200000,43,1166,194.889,1155,28,0,1065,7,0,73,0.986669,0.42346
LoraWAN 1 gateways,0.2,92,0,160,200000,43,1152,9.2,1155,0,1060,92,7,0,0,0,-nan
LoraWAN 2 gateways,0.2,432,2,160,200000,43,1152,40.8889,1155,0,1152,434,7,-434,0,0,-nan
LoraWAN 3 gateways,0.2,676,5,160,200000,43,1152,40.25,1155,0,1152,681,7,-681,0,0,-nan
Multihop 1 gateways,0.3,1374,92,160,200000,43,1670,194.889,1155,51,0,1466,7,2,151,0.99351,0.624742
LoraWAN 1 gateways,0.3,121,3,160,200000,43,1621,9.2,1155,0,1497,124,7,0,0,0,-nan
LoraWAN 2 gateways,0.3,562,3,160,200000,43,1621,40.8889,1155,0,1621,565,7,-565,0,0,-nan
LoraWAN 3 gateways,0.3,923,22,160,200000,43,1621,40.25,1155,0,1621,945,7,-945,0,0,-nan
Multihop 1 gateways,0.4,1740,86,160,200000,43,2119,194.889,1155,77,0,1826,7,8,208,0.991045,0.749149
LoraWAN 1 gateways,0.4,175,0,160,200000,43,2024,9.2,1155,0,1849,175,7,0,0,0,-nan
LoraWAN 2 gateways,0.4,729,10,160,200000,43,2024,40.8889,1155,0,2024,739,7,-739,0,0,-nan
LoraWAN 3 gateways,0.4,1171,14,160,200000,43,2024,40.25,1155,0,2024,1185,7,-1185,0,0,-nan
Multihop 1 gateways,0.5,1914,167,160,200000,43,2508,194.889,1155,143,0,2081,7,11,273,0.993892,0.878875
LoraWAN 1 gateways,0.5,194,0,160,200000,43,2366,9.2,1155,0,2172,194,7,0,0,0,-nan
LoraWAN 2 gateways,0.5,855,16,160,200000,43,2366,40.8889,1155,0,2366,871,7,-871,0,0,-nan
LoraWAN 3 gateways,0.5,1368,31,160,200000,43,2366,40.25,1155,0,2366,1399,7,-1399,0,0,-nan
Multihop 1 gateways,0.6,2242,120,160,200000,43,2904,194.889,1155,171,0,2363,7,7,364,0.978076,1.00114
LoraWAN 1 gateways,0.6,217,4,160,200000,43,2655,9.2,1155,0,2434,221,7,0,0,0,-nan
LoraWAN 2 gateways,0.6,970,18,160,200000,43,2655,40.8889,1155,0,2655,988,7,-988,0,0,-nan
LoraWAN 3 gateways,0.6,1537,30,160,200000,43,2655,40.25,1155,0,2655,1567,7,-1567,0,0,-nan
Multihop 1 gateways,0.7,2321,230,160,200000,43,3199,194.889,1155,186,0,2552,7,6,456,0.983022,1.08606
LoraWAN 1 gateways,0.7,236,2,160,200000,43,2886,9.2,1155,0,2648,238,7,0,0,0,-nan
LoraWAN 2 gateways,0.7,1006,26,160,200000,43,2886,40.8889,1155,0,2886,1032,7,-1032,0,0,-nan
LoraWAN 3 gateways,0.7,1644,30,160,200000,43,2886,40.25,1155,0,2886,1674,7,-1674,0,0,-nan
Multihop 1 gateways,0.8,2304,455,160,200000,43,3520,194.889,1155,216,0,2761,7,2,543,0.978736,1.19365
LoraWAN 1 gateways,0.8,258,0,160,200000,43,3121,9.2,1155,0,2863,258,7,0,0,0,-nan
LoraWAN 2 gateways,0.8,1111,26,160,200000,43,3121,40.8889,1155,0,3121,1137,7,-1137,0,0,-nan
LoraWAN 3 gateways,0.8,1795,31,160,200000,43,3121,40.25,1155,0,3121,1826,7,-1826,0,0,-nan
Multihop 1 gateways,0.9,2606,338,160,200000,43,3837,194.889,1155,266,0,2945,7,15,612,0.973048,1.28923
LoraWAN 1 gateways,0.9,272,0,160,200000,43,3329,9.2,1155,0,3057,272,7,0,0,0,-nan
LoraWAN 2 gateways,0.9,1181,14,160,200000,43,3329,40.8889,1155,0,3329,1195,7,-1195,0,0,-nan
LoraWAN 3 gateways,0.9,1891,40,160,200000,43,3329,40.25,1155,0,3329,1931,7,-1931,0,0,-nan
Multihop 1 gateways,1,2880,198,160,200000,43,4086,194.889,1155,282,0,3078,7,11,715,0.968312,1.35696
LoraWAN 1 gateways,1,273,4,160,200000,43,3513,9.2,1155,0,3236,277,7,0,0,0,-nan
LoraWAN 2 gateways,1,1208,26,160,200000,43,3513,40.8889,1155,0,3513,1235,7,-1234,0,0,-nan
LoraWAN 3 gateways,1,1953,61,160,200000,43,3513,40.25,1155,0,3513,2015,7,-2014,0,0,-nan
Multihop 1 gateways,0.1,553,24,160,200000,43,608,194.889,1155,6,0,577,7,0,25,0.992919,0.227859
LoraWAN 1 gateways,0.1,33,0,160,200000,43,608,9.2,1155,0,575,33,7,0,0,0,-nan
LoraWAN 2 gateways,0.1,227,0,160,200000,43,608,40.8889,1155,0,608,227,7,-227,0,0,-nan
LoraWAN 3 gateways,0.1,394,0,160,200000,43,608,40.8889,1155,0,608,394,7,-394,0,0,-nan
Multihop 1 gateways,0.2,1045,32,160,200000,43,1169,194.889,1155,13,0,1077,7,6,73,0.997301,0.433718
LoraWAN 1 gateways,0.2,84,2,160,200000,43,1152,9.2,1155,0,1066,86,7,0,0,0,-nan
LoraWAN 2 gateways,0.2,423,4,160,200000,43,1152,40.8889,1155,0,1152,427,7,-427,0,0,-nan
LoraWAN 3 gateways,0.2,757,8,160,200000,43,1152,40.8889,1155,0,1152,765,7,-765,0,0,-nan
Multihop 1 gateways,0.3,1379,71,160,200000,43,1669,194.889,1155,60,0,1451,7,6,153,0.993013,0.634305
LoraWAN 1 gateways,0.3,114,2,160,200000,43,1621,9.2,1155,0,1505,116,7,0,0,0,-nan
LoraWAN 2 gateways,0.3,587,10,160,200000,43,1621,40.8889,1155,0,1621,597,7,-597,0,0,-nan
LoraWAN 3 gateways,0.3,1078,5,160,200000,43,1621,40.8889,1155,0,1621,1084,7,-1083,0,0,-nan
Multihop 1 gateways,0.4,1666,177,160,200000,43,2129,194.889,1155,68,0,1845,7,10,208,0.990922,0.773075
LoraWAN 1 gateways,0.4,167,0,160,200000,43,2024,9.2,1155,0,1857,167,7,0,0,0,-nan
LoraWAN 2 gateways,0.4,753,11,160,200000,43,2024,40.8889,1155,0,2024,764,7,-764,0,0,-nan
LoraWAN 3 gateways,0.4,1351,23,160,200000,43,2024,40.8889,1155,0,2024,1374,7,-1374,0,0,-nan
Multihop 1 gateways,0.5,1776,326,160,200000,43,2514,194.889,1155,96,0,2103,7,13,303,0.980498,0.908475
LoraWAN 1 gateways,0.5,170,2,160,200000,43,2366,9.2,1155,0,2194,172,7,0,0,0,-nan
LoraWAN 2 gateways,0.5,881,7,160,200000,43,2366,40.8889,1155,0,2366,888,7,-888,0,0,-nan
LoraWAN 3 gateways,0.5,1540,41,160,200000,43,2366,40.8889,1155,0,2366,1581,7,-1581,0,0,-nan
Multihop 1 gateways,0.6,2129,229,160,200000,43,2911,194.889,1155,124,0,2358,7,17,412,0.991258,1.04116
LoraWAN 1 gateways,0.6,203,0,160,200000,43,2655,9.2,1155,0,2452,203,7,0,0,0,-nan
LoraWAN 2 gateways,0.6,969,17,160,200000,43,2655,40.8889,1155,0,2655,986,7,-986,0,0,-nan
LoraWAN 3 gateways,0.6,1764,40,160,200000,43,2655,40.8889,1155,0,2655,1804,7,-1804,0,0,-nan
Multihop 1 gateways,0.7,2191,350,160,200000,43,3225,194.889,1155,173,0,2543,7,20,491,0.976617,1.12994
LoraWAN 1 gateways,0.7,206,0,160,200000,43,2886,9.2,1155,0,2680,206,7,0,0,0,-nan
LoraWAN 2 gateways,0.7,1039,30,160,200000,43,2886,40.8889,1155,0,2886,1069,7,-1069,0,0,-nan
LoraWAN 3 gateways,0.7,1915,30,160,200000,43,2886,40.8889,1155,0,2886,1945,7,-1945,0,0,-nan
Multihop 1 gateways,0.8,2311,478,160,200000,43,3548,194.889,1155,172,0,2789,7,20,567,0.977226,1.22728
LoraWAN 1 gateways,0.8,238,0,160,200000,43,3121,9.2,1155,0,2883,238,7,0,0,0,-nan
LoraWAN 2 gateways,0.8,1141,29,160,200000,43,3121,40.8889,1155,0,3121,1170,7,-1170,0,0,-nan
LoraWAN 3 gateways,0.8,2083,35,160,200000,43,3121,40.8889,1155,0,3121,2118,7,-2118,0,0,-nan
Multihop 1 gateways,0.9,2586,348,160,200000,43,3862,194.889,1155,232,0,2934,7,25,671,0.981355,1.33012
LoraWAN 1 gateways,0.9,253,2,160,200000,43,3329,9.2,1155,0,3074,255,7,0,0,0,-nan
LoraWAN 2 gateways,0.9,1225,29,160,200000,43,3329,40.8889,1155,0,3329,1254,7,-1254,0,0,-nan
LoraWAN 3 gateways,0.9,2181,58,160,200000,43,3329,40.8889,1155,0,3329,2239,7,-2239,0,0,-nan
Multihop 1 gateways,1,2598,543,160,200000,43,4130,194.889,1155,252,0,3141,7,19,718,0.952892,1.3858
LoraWAN 1 gateways,1,251,0,160,200000,43,3513,9.2,1155,0,3262,251,7,0,0,0,-nan
LoraWAN 2 gateways,1,1307,21,160,200000,43,3513,40.8889,1155,0,3513,1328,7,-1328,0,0,-nan
LoraWAN 3 gateways,1,2293,57,160,200000,43,3513,40.8889,1155,0,3513,2351,7,-2350,0,0,-nan
Multihop 1 gateways,0.1,562,14,160,200000,43,608,218.6,1155,9,0,576,7,0,23,0.997945,0.251091
LoraWAN 1 gateways,0.1,30,0,160,200000,43,608,9.2,1155,0,578,30,7,0,0,0,-nan
LoraWAN 2 gateways,0.1,231,0,160,200000,43,608,41.4,1155,0,608,231,7,-231,0,0,-nan
LoraWAN 3 gateways,0.1,342,2,160,200000,43,608,40.8889,1155,0,608,344,7,-344,0,0,-nan
Multihop 1 gateways,0.2,998,63,160,200000,43,1166,218.6,1155,21,0,1061,7,4,80,0.994456,0.460422
LoraWAN 1 gateways,0.2,70,2,160,200000,43,1152,9.2,1155,0,1080,72,7,0,0,0,-nan
LoraWAN 2 gateways,0.2,430,0,160,200000,43,1152,41.4,1155,0,1152,430,7,-430,0,0,-nan
LoraWAN 3 gateways,0.2,677,1,160,200000,43,1152,40.8889,1155,0,1152,678,7,-678,0,0,-nan
Multihop 1 gateways,0.3,1382,62,160,200000,43,1671,218.6,1155,46,0,1444,7,1,180,0.989038,0.640194
LoraWAN 1 gateways,0.3,96,0,160,200000,43,1621,9.2,1155,0,1525,96,7,0,0,0,-nan
LoraWAN 2 gateways,0.3,585,12,160,200000,43,1621,41.4,1155,0,1621,597,7,-597,0,0,-nan
LoraWAN 3 gateways,0.3,935,4,160,200000,43,1621,40.8889,1155,0,1621,939,7,-939,0,0,-nan
Multihop 1 gateways,0.4,1661,128,160,200000,43,2133,218.6,1155,79,0,1789,7,14,251,0.97165,0.798499
LoraWAN 1 gateways,0.4,140,0,160,200000,43,2024,9.2,1155,0,1884,140,7,0,0,0,-nan
LoraWAN 2 gateways,0.4,741,7,160,200000,43,2024,41.4,1155,0,2024,748,7,-748,0,0,-nan
LoraWAN 3 gateways,0.4,1139,22,160,200000,43,2024,40.8889,1155,0,2024,1161,7,-1161,0,0,-nan
Multihop 1 gateways,0.5,1860,175,160,200000,43,2519,218.6,1155,120,0,2035,7,11,353,0.988604,0.93371
LoraWAN 1 gateways,0.5,139,0,160,200000,43,2366,9.2,1155,0,2227,139,7,0,0,0,-nan
LoraWAN 2 gateways,0.5,892,20,160,200000,43,2366,41.4,1155,0,2366,912,7,-912,0,0,-nan
LoraWAN 3 gateways,0.5,1368,25,160,200000,43,2366,40.8889,1155,0,2366,1393,7,-1393,0,0,-nan
Multihop 1 gateways,0.6,2105,193,160,200000,43,2907,218.6,1155,171,0,2298,7,3,435,0.976592,1.08086
LoraWAN 1 gateways,0.6,169,2,160,200000,43,2655,9.2,1155,0,2484,171,7,0,0,0,-nan
LoraWAN 2 gateways,0.6,993,11,160,200000,43,2655,41.4,1155,0,2655,1004,7,-1004,0,0,-nan
LoraWAN 3 gateways,0.6,1531,14,160,200000,43,2655,40.8889,1155,0,2655,1545,7,-1545,0,0,-nan
Multihop 1 gateways,0.7,2194,333,160,200000,43,3231,218.6,1155,164,0,2528,7,22,518,0.979021,1.17088
LoraWAN 1 gateways,0.7,177,2,160,200000,43,2886,9.2,1155,0,2707,179,7,0,0,0,-nan
LoraWAN 2 gateways,0.7,1085,21,160,200000,43,2886,41.4,1155,0,2886,1106,7,-1106,0,0,-nan
LoraWAN 3 gateways,0.7,1673,20,160,200000,43,2886,40.8889,1155,0,2886,1693,7,-1693,0,0,-nan
Multihop 1 gateways,0.8,2260,463,160,200000,43,3558,218.6,1155,185,0,2724,7,25,625,0.960197,1.26437
LoraWAN 1 gateways,0.8,193,6,160,200000,43,3121,9.2,1155,0,2922,199,7,0,0,0,-nan
LoraWAN 2 gateways,0.8,1151,27,160,200000,43,3121,41.4,1155,0,3121,1178,7,-1178,0,0,-nan
LoraWAN 3 gateways,0.8,1778,36,160,200000,43,3121,40.8889,1155,0,3121,1814,7,-1814,0,0,-nan
Multihop 1 gateways,0.9,2523,395,160,200000,43,3873,218.6,1155,228,0,2918,7,19,708,0.957066,1.38376
LoraWAN 1 gateways,0.9,216,0,160,200000,43,3329,9.2,1155,0,3113,216,7,0,0,0,-nan
LoraWAN 2 gateways,0.9,1253,28,160,200000,43,3329,41.4,1155,0,3329,1281,7,-1281,0,0,-nan
LoraWAN 3 gateways,0.9,1902,33,160,200000,43,3329,40.8889,1155,0,3329,1935,7,-1935,0,0,-nan
Multihop 1 gateways,1,2792,209,160,200000,43,4131,218.6,1155,314,0,3002,7,20,796,0.964499,1.45553
LoraWAN 1 gateways,1,212,0,160,200000,43,3513,9.2,1155,0,3301,212,7,0,0,0,-nan
LoraWAN 2 gateways,1,1296,22,160,200000,43,3513,41.4,1155,0,3513,1318,7,-1318,0,0,-nan
LoraWAN 3 gateways,1,1967,51,160,200000,43,3513,40.8889,1155,0,3513,2019,7,-2018,0,0,-nan
Multihop 1 gateways,0.1,572,10,160,200000,43,608,194.889,1155,5,0,582,7,2,19,0.999552,0.237982
LoraWAN 1 gateways,0.1,33,0,160,200000,43,608,9.2,1155,0,575,33,7,0,0,0,-nan
LoraWAN 2 gateways,0.1,220,3,160,200000,43,608,40.8889,1155,0,608,223,7,-223,0,0,-nan
LoraWAN 3 gateways,0.1,344,1,160,200000,43,608,40.8889,1155,0,608,345,7,-345,0,0,-nan
Multihop 1 gateways,0.2,992,75,160,200000,43,1166,194.889,1155,23,0,1067,7,5,71,0.995697,0.450196
LoraWAN 1 gateways,0.2,78,0,160,200000,43,1152,9.2,1155,0,1074,78,7,0,0,0,-nan
LoraWAN 2 gateways,0.2,443,4,160,200000,43,1152,40.8889,1155,0,1152,447,7,-447,0,0,-nan
LoraWAN 3 gateways,0.2,672,3,160,200000,43,1152,40.8889,1155,0,1152,675,7,-675,0,0,-nan
Multihop 1 gateways,0.3,1380,83,160,200000,43,1668,194.889,1155,61,0,1464,7,4,140,0.996667,0.640077
LoraWAN 1 gateways,0.3,105,2,160,200000,43,1621,9.2,1155,0,1514,107,7,0,0,0,-nan
LoraWAN 2 gateways,0.3,601,6,160,200000,43,1621,40.8889,1155,0,1621,607,7,-607,0,0,-nan
LoraWAN 3 gateways,0.3,936,7,160,200000,43,1621,40.8889,1155,0,1621,943,7,-943,0,0,-nan
Multihop 1 gateways,0.4,1746,72,160,200000,43,2135,194.889,1155,85,0,1819,7,9,223,0.991889,0.787769
LoraWAN 1 gateways,0.4,150,4,160,200000,43,2024,9.2,1155,0,1870,154,7,0,0,0,-nan
LoraWAN 2 gateways,0.4,740,10,160,200000,43,2024,40.8889,1155,0,2024,750,7,-750,0,0,-nan
LoraWAN 3 gateways,0.4,1144,21,160,200000,43,2024,40.8889,1155,0,2024,1165,7,-1165,0,0,-nan
Multihop 1 gateways,0.5,1954,130,160,200000,43,2518,194.889,1155,109,0,2084,7,29,296,0.99102,0.916673
LoraWAN 1 gateways,0.5,153,0,160,200000,43,2366,9.2,1155,0,2213,153,7,0,0,0,-nan
LoraWAN 2 gateways,0.5,855,16,160,200000,43,2366,40.8889,1155,0,2366,871,7,-871,0,0,-nan
LoraWAN 3 gateways,0.5,1341,17,160,200000,43,2366,40.8889,1155,0,2366,1358,7,-1358,0,0,-nan
Multihop 1 gateways,0.6,2103,246,160,200000,43,2908,194.889,1155,139,0,2349,7,22,398,0.988,1.047
LoraWAN 1 gateways,0.6,186,2,160,200000,43,2655,9.2,1155,0,2467,188,7,0,0,0,-nan
LoraWAN 2 gateways,0.6,993,27,160,200000,43,2655,40.8889,1155,0,2655,1020,7,-1020,0,0,-nan
LoraWAN 3 gateways,0.6,1522,27,160,200000,43,2655,40.8889,1155,0,2655,1549,7,-1549,0,0,-nan
Multihop 1 gateways,0.7,2029,560,160,200000,43,3238,194.889,1155,147,0,2589,7,26,476,0.980209,1.15779
LoraWAN 1 gateways,0.7,189,2,160,200000,43,2886,9.2,1155,0,2695,191,7,0,0,0,-nan
LoraWAN 2 gateways,0.7,1117,12,160,200000,43,2886,40.8889,1155,0,2886,1129,7,-1129,0,0,-nan
LoraWAN 3 gateways,0.7,1690,19,160,200000,43,2886,40.8889,1155,0,2886,1709,7,-1709,0,0,-nan
Multihop 1 gateways,0.8,2411,300,160,200000,43,3558,194.889,1155,217,0,2711,7,13,617,0.969928,1.25938
LoraWAN 1 gateways,0.8,218,2,160,200000,43,3121,9.2,1155,0,2901,220,7,0,0,0,-nan
LoraWAN 2 gateways,0.8,1157,20,160,200000,43,3121,40.8889,1155,0,3121,1177,7,-1177,0,0,-nan
LoraWAN 3 gateways,0.8,1759,37,160,200000,43,3121,40.8889,1155,0,3121,1796,7,-1796,0,0,-nan
Multihop 1 gateways,0.9,2634,262,160,200000,43,3865,194.889,1155,250,0,2896,7,25,694,0.975078,1.32992
LoraWAN 1 gateways,0.9,235,0,160,200000,43,3329,9.2,1155,0,3094,235,7,0,0,0,-nan
LoraWAN 2 gateways,0.9,1238,13,160,200000,43,3329,40.8889,1155,0,3329,1251,7,-1251,0,0,-nan
LoraWAN 3 gateways,0.9,1891,35,160,200000,43,3329,40.8889,1155,0,3329,1926,7,-1926,0,0,-nan
Multihop 1 gateways,1,2982,194,160,200000,43,4162,194.889,1155,215,0,3176,7,43,728,0.977664,1.44409
LoraWAN 1 gateways,1,232,0,160,200000,43,3513,9.2,1155,0,3281,232,7,0,0,0,-nan
LoraWAN 2 gateways,1,1315,34,160,200000,43,3513,40.8889,1155,0,3513,1350,7,-1349,0,0,-nan
LoraWAN 3 gateways,1,2010,40,160,200000,43,3513,40.8889,1155,0,3513,2051,7,-2050,0,0,-nan
