case,rate,decoded,non_decoded,nodes_number,life_time,maximum_trans,gen_packets,delay,max_delay,interference_in_node,out_of_range_in_ge,in_range_in_ge,max_sf,time_out,drop_p_async,fairness
Multihop 1 gateways,0.1,276,10,160,100000,21,301,218.6,1155,0,0,286,12,0,15,0.964451
LoraWAN 1 gateways,0.1,15,0,160,100000,21,301,9.2,1155,0,286,15,7,0,0,0
LoraWAN 2 gateways,0.1,112,0,160,100000,21,301,40.8889,1155,0,301,112,7,-112,0,0
LoraWAN 3 gateways,0.1,183,0,160,100000,21,301,41.4,1155,0,301,183,7,-183,0,0
Multihop 1 gateways,0.2,522,4,160,100000,21,574,218.6,1155,10,0,526,7,3,35,0.990084
LoraWAN 1 gateways,0.2,39,0,160,100000,21,572,9.2,1155,0,533,39,7,0,0,0
LoraWAN 2 gateways,0.2,216,3,160,100000,21,572,40.8889,1155,0,572,219,7,-219,0,0
LoraWAN 3 gateways,0.2,361,3,160,100000,21,572,41.4,1155,0,572,364,7,-364,0,0
Multihop 1 gateways,0.3,688,50,160,100000,21,832,218.6,1155,14,0,739,7,5,75,0.996355
LoraWAN 1 gateways,0.3,50,0,160,100000,21,807,9.2,1155,0,757,50,7,0,0,0
LoraWAN 2 gateways,0.3,280,4,160,100000,21,807,40.8889,1155,0,807,284,7,-284,0,0
LoraWAN 3 gateways,0.3,489,5,160,100000,21,807,41.4,1155,0,807,494,7,-494,0,0
Multihop 1 gateways,0.4,868,38,160,100000,21,1070,218.6,1155,28,0,907,7,9,127,0.98796
LoraWAN 1 gateways,0.4,76,0,160,100000,21,1013,9.2,1155,0,937,76,7,0,0,0
LoraWAN 2 gateways,0.4,369,9,160,100000,21,1013,40.8889,1155,0,1013,378,7,-378,0,0
LoraWAN 3 gateways,0.4,604,10,160,100000,21,1013,41.4,1155,0,1013,614,7,-614,0,0
Multihop 1 gateways,0.5,944,116,160,100000,21,1252,218.6,1155,43,0,1060,7,6,143,0.990668
LoraWAN 1 gateways,0.5,85,0,160,100000,21,1174,9.2,1155,0,1089,85,7,0,0,0
LoraWAN 2 gateways,0.5,429,4,160,100000,21,1174,40.8889,1155,0,1174,433,7,-433,0,0
LoraWAN 3 gateways,0.5,699,13,160,100000,21,1174,41.4,1155,0,1174,712,7,-712,0,0
Multihop 1 gateways,0.6,1130,70,160,100000,21,1456,218.6,1155,54,0,1200,7,11,191,0.990438
LoraWAN 1 gateways,0.6,95,2,160,100000,21,1333,9.2,1155,0,1236,97,7,0,0,0
LoraWAN 2 gateways,0.6,467,6,160,100000,21,1333,40.8889,1155,0,1333,474,7,-473,0,0
LoraWAN 3 gateways,0.6,770,12,160,100000,21,1333,41.4,1155,0,1333,783,7,-782,0,0
Multihop 1 gateways,0.7,1045,257,160,100000,21,1623,218.6,1155,71,0,1302,7,17,233,0.97622
LoraWAN 1 gateways,0.7,94,0,160,100000,21,1458,9.2,1155,0,1364,94,7,0,0,0
LoraWAN 2 gateways,0.7,494,6,160,100000,21,1458,40.8889,1155,0,1458,502,7,-500,0,0
LoraWAN 3 gateways,0.7,844,12,160,100000,21,1458,41.4,1155,0,1458,858,7,-856,0,0
Multihop 1 gateways,0.8,1241,171,160,100000,21,1792,218.6,1155,87,0,1412,7,7,286,0.966574
LoraWAN 1 gateways,0.8,104,2,160,100000,21,1567,9.2,1155,0,1461,106,7,0,0,0
LoraWAN 2 gateways,0.8,545,2,160,100000,21,1567,40.8889,1155,0,1567,547,7,-547,0,0
LoraWAN 3 gateways,0.8,933,13,160,100000,21,1567,41.4,1155,0,1567,946,7,-946,0,0
Multihop 1 gateways,0.9,1310,207,160,100000,21,1956,218.6,1155,103,0,1518,7,19,317,0.972538
LoraWAN 1 gateways,0.9,120,0,160,100000,21,1688,9.2,1155,0,1568,120,7,0,0,0
LoraWAN 2 gateways,0.9,599,12,160,100000,21,1688,40.8889,1155,0,1688,611,7,-611,0,0
LoraWAN 3 gateways,0.9,1008,17,160,100000,21,1688,41.4,1155,0,1688,1025,7,-1025,0,0
Multihop 1 gateways,1,1343,244,160,100000,21,2095,218.6,1155,119,0,1589,7,22,367,0.983369
LoraWAN 1 gateways,1,106,6,160,100000,21,1780,9.2,1155,0,1668,112,7,0,0,0
LoraWAN 2 gateways,1,639,12,160,100000,21,1780,40.8889,1155,0,1780,651,7,-651,0,0
LoraWAN 3 gateways,1,1031,27,160,100000,21,1780,41.4,1155,0,1780,1058,7,-1058,0,0
Multihop 1 gateways,0.1,279,2,160,100000,21,301,194.889,1155,3,0,282,7,3,14,0.973151
LoraWAN 1 gateways,0.1,21,0,160,100000,21,301,9.2,1155,0,280,21,7,0,0,0
LoraWAN 2 gateways,0.1,113,0,160,100000,21,301,40.8889,1155,0,301,113,7,-113,0,0
LoraWAN 3 gateways,0.1,189,0,160,100000,21,301,40.25,1155,0,301,189,7,-189,0,0
Multihop 1 gateways,0.2,507,28,160,100000,21,574,194.889,1155,7,0,536,7,3,29,0.992994
LoraWAN 1 gateways,0.2,47,2,160,100000,21,572,9.2,1155,0,523,49,7,0,0,0
LoraWAN 2 gateways,0.2,211,2,160,100000,21,572,40.8889,1155,0,572,213,7,-213,0,0
LoraWAN 3 gateways,0.2,338,2,160,100000,21,572,40.25,1155,0,572,340,7,-340,0,0
Multihop 1 gateways,0.3,715,36,160,100000,21,830,194.889,1155,10,0,751,7,8,61,0.987273
LoraWAN 1 gateways,0.3,56,0,160,100000,21,807,9.2,1155,0,751,56,7,0,0,0
LoraWAN 2 gateways,0.3,311,3,160,100000,21,807,40.8889,1155,0,807,314,7,-314,0,0
LoraWAN 3 gateways,0.3,500,4,160,100000,21,807,40.25,1155,0,807,504,7,-504,0,0
Multihop 1 gateways,0.4,809,101,160,100000,21,1067,194.889,1155,40,0,910,7,5,112,0.988354
LoraWAN 1 gateways,0.4,91,0,160,100000,21,1013,9.2,1155,0,922,91,7,0,0,0
LoraWAN 2 gateways,0.4,386,6,160,100000,21,1013,40.8889,1155,0,1013,392,7,-392,0,0
LoraWAN 3 gateways,0.4,617,16,160,100000,21,1013,40.25,1155,0,1013,633,7,-633,0,0
Multihop 1 gateways,0.5,968,84,160,100000,21,1249,194.889,1155,47,0,1053,7,4,146,0.991954
LoraWAN 1 gateways,0.5,102,0,160,100000,21,1174,9.2,1155,0,1072,102,7,0,0,0
LoraWAN 2 gateways,0.5,445,13,160,100000,21,1174,40.8889,1155,0,1174,458,7,-458,0,0
LoraWAN 3 gateways,0.5,728,11,160,100000,21,1174,40.25,1155,0,1174,739,7,-739,0,0
Multihop 1 gateways,0.6,1096,95,160,100000,21,1448,194.889,1155,53,0,1191,7,10,194,0.982151
LoraWAN 1 gateways,0.6,109,2,160,100000,21,1333,9.2,1155,0,1222,111,7,0,0,0
LoraWAN 2 gateways,0.6,495,11,160,100000,21,1333,40.8889,1155,0,1333,506,7,-506,0,0
LoraWAN 3 gateways,0.6,796,13,160,100000,21,1333,40.25,1155,0,1333,809,7,-809,0,0
Multihop 1 gateways,0.7,1222,99,160,100000,21,1614,194.889,1155,76,0,1324,7,17,200,0.987615
LoraWAN 1 gateways,0.7,114,0,160,100000,21,1458,9.2,1155,0,1344,114,7,0,0,0
LoraWAN 2 gateways,0.7,576,9,160,100000,21,1458,40.8889,1155,0,1458,585,7,-585,0,0
LoraWAN 3 gateways,0.7,901,16,160,100000,21,1458,40.25,1155,0,1458,918,7,-917,0,0
Multihop 1 gateways,0.8,1343,74,160,100000,21,1778,194.889,1155,73,0,1418,7,6,282,0.97743
LoraWAN 1 gateways,0.8,121,0,160,100000,21,1567,9.2,1155,0,1446,121,7,0,0,0
LoraWAN 2 gateways,0.8,578,14,160,100000,21,1567,40.8889,1155,0,1567,592,7,-592,0,0
LoraWAN 3 gateways,0.8,961,20,160,100000,21,1567,40.25,1155,0,1567,981,7,-981,0,0
Multihop 1 gateways,0.9,1344,167,160,100000,21,1937,194.889,1155,92,0,1511,7,9,325,0.968191
LoraWAN 1 gateways,0.9,137,0,160,100000,21,1688,9.2,1155,0,1551,137,7,0,0,0
LoraWAN 2 gateways,0.9,639,11,160,100000,21,1688,40.8889,1155,0,1688,650,7,-650,0,0
LoraWAN 3 gateways,0.9,1018,26,160,100000,21,1688,40.25,1155,0,1688,1044,7,-1044,0,0
Multihop 1 gateways,1,1338,299,160,100000,21,2098,194.889,1155,95,0,1639,7,13,353,0.974813
LoraWAN 1 gateways,1,135,0,160,100000,21,1780,9.2,1155,0,1645,135,7,0,0,0
LoraWAN 2 gateways,1,655,23,160,100000,21,1780,40.8889,1155,0,1780,678,7,-678,0,0
LoraWAN 3 gateways,1,1059,32,160,100000,21,1780,40.25,1155,0,1780,1091,7,-1091,0,0
Multihop 1 gateways,0.1,281,7,160,100000,21,301,194.889,1155,2,0,288,7,0,11,0.997441
LoraWAN 1 gateways,0.1,16,0,160,100000,21,301,9.2,1155,0,285,16,7,0,0,0
LoraWAN 2 gateways,0.1,133,1,160,100000,21,301,40.8889,1155,0,301,134,7,-134,0,0
LoraWAN 3 gateways,0.1,200,1,160,100000,21,301,40.8889,1155,0,301,201,7,-201,0,0
Multihop 1 gateways,0.2,514,16,160,100000,21,574,194.889,1155,18,0,530,7,1,25,0.996046
LoraWAN 1 gateways,0.2,45,2,160,100000,21,572,9.2,1155,0,525,47,7,0,0,0
LoraWAN 2 gateways,0.2,228,0,160,100000,21,572,40.8889,1155,0,572,228,7,-228,0,0
LoraWAN 3 gateways,0.2,387,1,160,100000,21,572,40.8889,1155,0,572,388,7,-388,0,0
Multihop 1 gateways,0.3,693,44,160,100000,21,834,194.889,1155,29,0,737,7,2,66,0.983334
LoraWAN 1 gateways,0.3,52,0,160,100000,21,807,9.2,1155,0,755,52,7,0,0,0
LoraWAN 2 gateways,0.3,325,4,160,100000,21,807,40.8889,1155,0,807,329,7,-329,0,0
LoraWAN 3 gateways,0.3,539,8,160,100000,21,807,40.8889,1155,0,807,547,7,-547,0,0
Multihop 1 gateways,0.4,849,49,160,100000,21,1067,194.889,1155,61,0,898,7,2,106,0.981241
LoraWAN 1 gateways,0.4,85,0,160,100000,21,1013,9.2,1155,0,928,85,7,0,0,0
LoraWAN 2 gateways,0.4,409,6,160,100000,21,1013,40.8889,1155,0,1013,415,7,-415,0,0
LoraWAN 3 gateways,0.4,658,9,160,100000,21,1013,40.8889,1155,0,1013,667,7,-667,0,0
Multihop 1 gateways,0.5,929,130,160,100000,21,1258,194.889,1155,45,0,1059,7,8,146,0.983005
LoraWAN 1 gateways,0.5,93,2,160,100000,21,1174,9.2,1155,0,1079,95,7,0,0,0
LoraWAN 2 gateways,0.5,475,8,160,100000,21,1174,40.8889,1155,0,1174,483,7,-483,0,0
LoraWAN 3 gateways,0.5,767,14,160,100000,21,1174,40.8889,1155,0,1174,781,7,-781,0,0
Multihop 1 gateways,0.6,1074,94,160,100000,21,1457,194.889,1155,71,0,1168,7,9,209,0.983023
LoraWAN 1 gateways,0.6,106,0,160,100000,21,1333,9.2,1155,0,1227,106,7,0,0,0
LoraWAN 2 gateways,0.6,538,6,160,100000,21,1333,40.8889,1155,0,1333,545,7,-544,0,0
LoraWAN 3 gateways,0.6,852,25,160,100000,21,1333,40.8889,1155,0,1333,878,7,-877,0,0
Multihop 1 gateways,0.7,1214,82,160,100000,21,1605,194.889,1155,76,0,1297,7,20,213,0.984215
LoraWAN 1 gateways,0.7,104,2,160,100000,21,1458,9.2,1155,0,1352,106,7,0,0,0
LoraWAN 2 gateways,0.7,600,9,160,100000,21,1458,40.8889,1155,0,1458,609,7,-609,0,0
LoraWAN 3 gateways,0.7,938,14,160,100000,21,1458,40.8889,1155,0,1458,954,7,-952,0,0
Multihop 1 gateways,0.8,1167,219,160,100000,21,1789,194.889,1155,102,0,1386,7,23,278,0.972302
LoraWAN 1 gateways,0.8,113,0,160,100000,21,1567,9.2,1155,0,1454,113,7,0,0,0
LoraWAN 2 gateways,0.8,634,17,160,100000,21,1567,40.8889,1155,0,1567,651,7,-651,0,0
LoraWAN 3 gateways,0.8,1018,23,160,100000,21,1567,40.8889,1155,0,1567,1041,7,-1041,0,0
Multihop 1 gateways,0.9,1309,146,160,100000,21,1942,194.889,1155,128,0,1456,7,38,321,0.959524
LoraWAN 1 gateways,0.9,130,0,160,100000,21,1688,9.2,1155,0,1558,130,7,0,0,0
LoraWAN 2 gateways,0.9,665,14,160,100000,21,1688,40.8889,1155,0,1688,679,7,-679,0,0
LoraWAN 3 gateways,0.9,1100,20,160,100000,21,1688,40.8889,1155,0,1688,1120,7,-1120,0,0
Multihop 1 gateways,1,1441,168,160,100000,21,2098,194.889,1155,110,0,1610,7,14,365,0.972316
LoraWAN 1 gateways,1,118,4,160,100000,21,1780,9.2,1155,0,1658,122,7,0,0,0
LoraWAN 2 gateways,1,714,18,160,100000,21,1780,40.8889,1155,0,1780,732,7,-732,0,0
LoraWAN 3 gateways,1,1149,39,160,100000,21,1780,40.8889,1155,0,1780,1188,7,-1188,0,0
Multihop 1 gateways,0.1,271,10,160,100000,21,301,194.889,1155,4,0,281,7,2,14,0.997547
LoraWAN 1 gateways,0.1,17,0,160,100000,21,301,9.2,1155,0,284,17,7,0,0,0
LoraWAN 2 gateways,0.1,115,0,160,100000,21,301,40.8889,1155,0,301,115,7,-115,0,0
LoraWAN 3 gateways,0.1,171,2,160,100000,21,301,40.8889,1155,0,301,173,7,-173,0,0
Multihop 1 gateways,0.2,488,25,160,100000,21,574,194.889,1155,13,0,513,7,3,45,0.984214
LoraWAN 1 gateways,0.2,45,2,160,100000,21,572,9.2,1155,0,525,47,7,0,0,0
LoraWAN 2 gateways,0.2,232,1,160,100000,21,572,40.8889,1155,0,572,233,7,-233,0,0
LoraWAN 3 gateways,0.2,339,0,160,100000,21,572,40.8889,1155,0,572,339,7,-339,0,0
Multihop 1 gateways,0.3,699,31,160,100000,21,830,194.889,1155,23,0,731,7,2,75,0.993152
LoraWAN 1 gateways,0.3,54,2,160,100000,21,807,9.2,1155,0,751,56,7,0,0,0
LoraWAN 2 gateways,0.3,314,3,160,100000,21,807,40.8889,1155,0,807,317,7,-317,0,0
LoraWAN 3 gateways,0.3,467,6,160,100000,21,807,40.8889,1155,0,807,473,7,-473,0,0
Multihop 1 gateways,0.4,839,50,160,100000,21,1065,194.889,1155,48,0,889,7,11,117,0.980243
LoraWAN 1 gateways,0.4,81,2,160,100000,21,1013,9.2,1155,0,930,83,7,0,0,0
LoraWAN 2 gateways,0.4,382,8,160,100000,21,1013,40.8889,1155,0,1013,390,7,-390,0,0
LoraWAN 3 gateways,0.4,575,10,160,100000,21,1013,40.8889,1155,0,1013,585,7,-585,0,0
Multihop 1 gateways,0.5,924,108,160,100000,21,1258,194.889,1155,57,0,1034,7,10,159,0.98554
LoraWAN 1 gateways,0.5,92,0,160,100000,21,1174,9.2,1155,0,1082,92,7,0,0,0
LoraWAN 2 gateways,0.5,468,10,160,100000,21,1174,40.8889,1155,0,1174,478,7,-478,0,0
LoraWAN 3 gateways,0.5,665,15,160,100000,21,1174,40.8889,1155,0,1174,680,7,-680,0,0
Multihop 1 gateways,0.6,1088,97,160,100000,21,1452,194.889,1155,84,0,1186,7,5,178,0.981113
LoraWAN 1 gateways,0.6,102,0,160,100000,21,1333,9.2,1155,0,1231,102,7,0,0,0
LoraWAN 2 gateways,0.6,503,9,160,100000,21,1333,40.8889,1155,0,1333,512,7,-512,0,0
LoraWAN 3 gateways,0.6,767,11,160,100000,21,1333,40.8889,1155,0,1333,778,7,-778,0,0
Multihop 1 gateways,0.7,1128,124,160,100000,21,1607,194.889,1155,83,0,1252,7,22,250,0.979268
LoraWAN 1 gateways,0.7,100,0,160,100000,21,1458,9.2,1155,0,1358,100,7,0,0,0
LoraWAN 2 gateways,0.7,554,6,160,100000,21,1458,40.8889,1155,0,1458,562,7,-560,0,0
LoraWAN 3 gateways,0.7,813,15,160,100000,21,1458,40.8889,1155,0,1458,829,7,-828,0,0
Multihop 1 gateways,0.8,1238,152,160,100000,21,1787,194.889,1155,100,0,1390,7,8,289,0.969026
LoraWAN 1 gateways,0.8,113,0,160,100000,21,1567,9.2,1155,0,1454,113,7,0,0,0
LoraWAN 2 gateways,0.8,591,10,160,100000,21,1567,40.8889,1155,0,1567,601,7,-601,0,0
LoraWAN 3 gateways,0.8,900,20,160,100000,21,1567,40.8889,1155,0,1567,920,7,-920,0,0
Multihop 1 gateways,0.9,1422,77,160,100000,21,1957,194.889,1155,122,0,1501,7,16,320,0.976771
LoraWAN 1 gateways,0.9,131,0,160,100000,21,1688,9.2,1155,0,1557,131,7,0,0,0
LoraWAN 2 gateways,0.9,632,9,160,100000,21,1688,40.8889,1155,0,1688,641,7,-641,0,0
LoraWAN 3 gateways,0.9,962,17,160,100000,21,1688,40.8889,1155,0,1688,979,7,-979,0,0
Multihop 1 gateways,1,1283,266,160,100000,21,2090,194.889,1155,139,0,1550,7,13,389,0.950401
LoraWAN 1 gateways,1,122,2,160,100000,21,1780,9.2,1155,0,1656,124,7,0,0,0
LoraWAN 2 gateways,1,640,15,160,100000,21,1780,40.8889,1155,0,1780,655,7,-655,0,0
LoraWAN 3 gateways,1,994,13,160,100000,21,1780,40.8889,1155,0,1780,1007,7,-1007,0,0
Multihop 1 gateways,0.1,283,6,160,100000,21,301,194.889,1155,0,0,289,7,0,12,0.995941
LoraWAN 1 gateways,0.1,17,0,160,100000,21,301,9.2,1155,0,284,17,7,0,0,0
LoraWAN 2 gateways,0.1,134,0,160,100000,21,301,40.8889,1155,0,301,134,7,-134,0,0
LoraWAN 3 gateways,0.1,201,1,160,100000,21,301,40.8889,1155,0,301,202,7,-202,0,0
Multihop 1 gateways,0.2,509,16,160,100000,21,574,194.889,1155,16,0,525,7,2,31,0.996863
LoraWAN 1 gateways,0.2,42,0,160,100000,21,572,9.2,1155,0,530,42,7,0,0,0
LoraWAN 2 gateways,0.2,209,3,160,100000,21,572,40.8889,1155,0,572,212,7,-212,0,0
LoraWAN 3 gateways,0.2,347,1,160,100000,21,572,40.8889,1155,0,572,348,7,-348,0,0
Multihop 1 gateways,0.3,687,40,160,100000,21,831,194.889,1155,34,0,727,7,1,69,0.989406
LoraWAN 1 gateways,0.3,49,2,160,100000,21,807,9.2,1155,0,756,51,7,0,0,0
LoraWAN 2 gateways,0.3,309,2,160,100000,21,807,40.8889,1155,0,807,311,7,-311,0,0
LoraWAN 3 gateways,0.3,488,4,160,100000,21,807,40.8889,1155,0,807,492,7,-492,0,0
Multihop 1 gateways,0.4,809,90,160,100000,21,1065,194.889,1155,40,0,900,7,3,123,0.984689
LoraWAN 1 gateways,0.4,78,0,160,100000,21,1013,9.2,1155,0,935,78,7,0,0,0
LoraWAN 2 gateways,0.4,388,0,160,100000,21,1013,40.8889,1155,0,1013,388,7,-388,0,0
LoraWAN 3 gateways,0.4,625,7,160,100000,21,1013,40.8889,1155,0,1013,632,7,-632,0,0
Multihop 1 gateways,0.5,908,121,160,100000,21,1246,194.889,1155,63,0,1029,7,7,147,0.986754
LoraWAN 1 gateways,0.5,83,0,160,100000,21,1174,9.2,1155,0,1091,83,7,0,0,0
LoraWAN 2 gateways,0.5,450,4,160,100000,21,1174,40.8889,1155,0,1174,454,7,-454,0,0
LoraWAN 3 gateways,0.5,723,13,160,100000,21,1174,40.8889,1155,0,1174,736,7,-736,0,0
Multihop 1 gateways,0.6,1051,123,160,100000,21,1461,194.889,1155,69,0,1175,7,9,209,0.980422
LoraWAN 1 gateways,0.6,94,0,160,100000,21,1333,9.2,1155,0,1239,94,7,0,0,0
LoraWAN 2 gateways,0.6,488,2,160,100000,21,1333,40.8889,1155,0,1333,490,7,-490,0,0
LoraWAN 3 gateways,0.6,808,13,160,100000,21,1333,40.8889,1155,0,1333,822,7,-821,0,0
Multihop 1 gateways,0.7,1026,262,160,100000,21,1616,194.889,1155,96,0,1288,7,6,226,0.983278
LoraWAN 1 gateways,0.7,92,0,160,100000,21,1458,9.2,1155,0,1366,92,7,0,0,0
LoraWAN 2 gateways,0.7,542,13,160,100000,21,1458,40.8889,1155,0,1458,555,7,-555,0,0
LoraWAN 3 gateways,0.7,884,13,160,100000,21,1458,40.8889,1155,0,1458,898,7,-897,0,0
Multihop 1 gateways,0.8,1244,172,160,100000,21,1787,194.889,1155,101,0,1416,7,3,267,0.981103
LoraWAN 1 gateways,0.8,104,0,160,100000,21,1567,9.2,1155,0,1463,104,7,0,0,0
LoraWAN 2 gateways,0.8,586,17,160,100000,21,1567,40.8889,1155,0,1567,603,7,-603,0,0
LoraWAN 3 gateways,0.8,976,18,160,100000,21,1567,40.8889,1155,0,1567,994,7,-994,0,0
Multihop 1 gateways,0.9,1298,201,160,100000,21,1956,194.889,1155,130,0,1499,7,7,320,0.959613
LoraWAN 1 gateways,0.9,120,0,160,100000,21,1688,9.2,1155,0,1568,120,7,0,0,0
LoraWAN 2 gateways,0.9,643,7,160,100000,21,1688,40.8889,1155,0,1688,650,7,-650,0,0
LoraWAN 3 gateways,0.9,1044,18,160,100000,21,1688,40.8889,1155,0,1688,1062,7,-1062,0,0
Multihop 1 gateways,1,1450,124,160,100000,21,2113,194.889,1155,143,0,1575,7,8,388,0.978704
LoraWAN 1 gateways,1,115,0,160,100000,21,1780,9.2,1155,0,1665,115,7,0,0,0
LoraWAN 2 gateways,1,661,16,160,100000,21,1780,40.8889,1155,0,1780,677,7,-677,0,0
LoraWAN 3 gateways,1,1068,24,160,100000,21,1780,40.8889,1155,0,1780,1092,7,-1092,0,0
Multihop 1 gateways,0.1,284,8,160,100000,21,301,194.889,1155,2,0,292,7,0,7,0.974084
LoraWAN 1 gateways,0.1,22,0,160,100000,21,301,9.2,1155,0,279,22,7,0,0,0
LoraWAN 2 gateways,0.1,117,0,160,100000,21,301,40.8889,1155,0,301,117,7,-117,0,0
LoraWAN 3 gateways,0.1,184,0,160,100000,21,301,40.8889,1155,0,301,184,7,-184,0,0
Multihop 1 gateways,0.2,507,26,160,100000,21,574,194.889,1155,8,0,533,7,0,33,0.993808
LoraWAN 1 gateways,0.2,58,2,160,100000,21,572,9.2,1155,0,512,60,7,0,0,0
LoraWAN 2 gateways,0.2,202,1,160,100000,21,572,40.8889,1155,0,572,203,7,-203,0,0
LoraWAN 3 gateways,0.2,347,4,160,100000,21,572,40.8889,1155,0,572,351,7,-351,0,0
Multihop 1 gateways,0.3,652,101,160,100000,21,831,194.889,1155,16,0,753,7,3,59,0.991078
LoraWAN 1 gateways,0.3,71,0,160,100000,21,807,9.2,1155,0,736,71,7,0,0,0
LoraWAN 2 gateways,0.3,293,0,160,100000,21,807,40.8889,1155,0,807,293,7,-293,0,0
LoraWAN 3 gateways,0.3,493,0,160,100000,21,807,40.8889,1155,0,807,493,7,-493,0,0
Multihop 1 gateways,0.4,851,96,160,100000,21,1072,194.889,1155,27,0,948,7,3,95,0.993463
LoraWAN 1 gateways,0.4,103,0,160,100000,21,1013,9.2,1155,0,910,103,7,0,0,0
LoraWAN 2 gateways,0.4,382,7,160,100000,21,1013,40.8889,1155,0,1013,389,7,-389,0,0
LoraWAN 3 gateways,0.4,624,2,160,100000,21,1013,40.8889,1155,0,1013,626,7,-626,0,0
Multihop 1 gateways,0.5,990,81,160,100000,21,1251,194.889,1155,43,0,1072,7,5,132,0.987958
LoraWAN 1 gateways,0.5,111,0,160,100000,21,1174,9.2,1155,0,1063,111,7,0,0,0
LoraWAN 2 gateways,0.5,442,9,160,100000,21,1174,40.8889,1155,0,1174,451,7,-451,0,0
LoraWAN 3 gateways,0.5,726,9,160,100000,21,1174,40.8889,1155,0,1174,735,7,-735,0,0
Multihop 1 gateways,0.6,1165,48,160,100000,21,1456,194.889,1155,65,0,1213,7,8,170,0.991761
LoraWAN 1 gateways,0.6,125,0,160,100000,21,1333,9.2,1155,0,1208,125,7,0,0,0
LoraWAN 2 gateways,0.6,502,5,160,100000,21,1333,40.8889,1155,0,1333,507,7,-507,0,0
LoraWAN 3 gateways,0.6,816,15,160,100000,21,1333,40.8889,1155,0,1333,832,7,-831,0,0
Multihop 1 gateways,0.7,1260,80,160,100000,21,1605,194.889,1155,70,0,1341,7,3,192,0.983694
LoraWAN 1 gateways,0.7,124,0,160,100000,21,1458,9.2,1155,0,1334,124,7,0,0,0
LoraWAN 2 gateways,0.7,554,10,160,100000,21,1458,40.8889,1155,0,1458,565,7,-564,0,0
LoraWAN 3 gateways,0.7,890,11,160,100000,21,1458,40.8889,1155,0,1458,903,7,-901,0,0
Multihop 1 gateways,0.8,1273,155,160,100000,21,1788,194.889,1155,83,0,1429,7,14,263,0.982494
LoraWAN 1 gateways,0.8,140,0,160,100000,21,1567,9.2,1155,0,1427,140,7,0,0,0
LoraWAN 2 gateways,0.8,588,20,160,100000,21,1567,40.8889,1155,0,1567,608,7,-608,0,0
LoraWAN 3 gateways,0.8,972,13,160,100000,21,1567,40.8889,1155,0,1567,985,7,-985,0,0
Multihop 1 gateways,0.9,1243,287,160,100000,21,1947,194.889,1155,111,0,1530,7,3,303,0.969301
LoraWAN 1 gateways,0.9,157,4,160,100000,21,1688,9.2,1155,0,1527,161,7,0,0,0
LoraWAN 2 gateways,0.9,646,14,160,100000,21,1688,40.8889,1155,0,1688,660,7,-660,0,0
LoraWAN 3 gateways,0.9,1030,17,160,100000,21,1688,40.8889,1155,0,1688,1047,7,-1047,0,0
Multihop 1 gateways,1,1435,166,160,100000,21,2089,194.889,1155,137,0,1602,7,3,348,0.977506
LoraWAN 1 gateways,1,156,4,160,100000,21,1780,9.2,1155,0,1620,160,7,0,0,0
LoraWAN 2 gateways,1,666,12,160,100000,21,1780,40.8889,1155,0,1780,678,7,-678,0,0
LoraWAN 3 gateways,1,1087,32,160,100000,21,1780,40.8889,1155,0,1780,1119,7,-1119,0,0
Multihop 1 gateways,0.1,284,6,160,100000,21,301,194.889,1155,5,0,290,7,0,6,0.995566
LoraWAN 1 gateways,0.1,15,0,160,100000,21,301,9.2,1155,0,286,15,7,0,0,0
LoraWAN 2 gateways,0.1,125,0,160,100000,21,301,40.8889,1155,0,301,125,7,-125,0,0
LoraWAN 3 gateways,0.1,179,0,160,100000,21,301,40.8889,1155,0,301,179,7,-179,0,0
Multihop 1 gateways,0.2,492,45,160,100000,21,574,194.889,1155,12,0,537,7,1,24,0.992935
LoraWAN 1 gateways,0.2,38,0,160,100000,21,572,9.2,1155,0,534,38,7,0,0,0
LoraWAN 2 gateways,0.2,222,5,160,100000,21,572,40.8889,1155,0,572,227,7,-227,0,0
LoraWAN 3 gateways,0.2,329,6,160,100000,21,572,40.8889,1155,0,572,335,7,-335,0,0
Multihop 1 gateways,0.3,619,101,160,100000,21,832,194.889,1155,25,0,720,7,7,80,0.986717
LoraWAN 1 gateways,0.3,45,0,160,100000,21,807,9.2,1155,0,762,45,7,0,0,0
LoraWAN 2 gateways,0.3,309,1,160,100000,21,807,40.8889,1155,0,807,310,7,-310,0,0
LoraWAN 3 gateways,0.3,462,1,160,100000,21,807,40.8889,1155,0,807,463,7,-463,0,0
Multihop 1 gateways,0.4,850,70,160,100000,21,1062,194.889,1155,28,0,920,7,3,111,0.986758
LoraWAN 1 gateways,0.4,71,2,160,100000,21,1013,9.2,1155,0,940,73,7,0,0,0
LoraWAN 2 gateways,0.4,407,3,160,100000,21,1013,40.8889,1155,0,1013,410,7,-410,0,0
LoraWAN 3 gateways,0.4,567,15,160,100000,21,1013,40.8889,1155,0,1013,582,7,-582,0,0
Multihop 1 gateways,0.5,916,130,160,100000,21,1258,194.889,1155,47,0,1047,7,16,149,0.975928
LoraWAN 1 gateways,0.5,75,2,160,100000,21,1174,9.2,1155,0,1097,77,7,0,0,0
LoraWAN 2 gateways,0.5,466,7,160,100000,21,1174,40.8889,1155,0,1174,473,7,-473,0,0
LoraWAN 3 gateways,0.5,669,9,160,100000,21,1174,40.8889,1155,0,1174,678,7,-678,0,0
Multihop 1 gateways,0.6,1094,86,160,100000,21,1468,194.889,1155,63,0,1180,7,13,212,0.985429
LoraWAN 1 gateways,0.6,88,0,160,100000,21,1333,9.2,1155,0,1245,88,7,0,0,0
LoraWAN 2 gateways,0.6,504,9,160,100000,21,1333,40.8889,1155,0,1333,513,7,-513,0,0
LoraWAN 3 gateways,0.6,731,13,160,100000,21,1333,40.8889,1155,0,1333,744,7,-744,0,0
Multihop 1 gateways,0.7,1040,199,160,100000,21,1609,194.889,1155,85,0,1240,7,17,268,0.967763
LoraWAN 1 gateways,0.7,84,2,160,100000,21,1458,9.2,1155,0,1372,86,7,0,0,0
LoraWAN 2 gateways,0.7,594,16,160,100000,21,1458,40.8889,1155,0,1458,611,7,-610,0,0
LoraWAN 3 gateways,0.7,831,16,160,100000,21,1458,40.8889,1155,0,1458,848,7,-847,0,0
Multihop 1 gateways,0.8,1291,92,160,100000,21,1791,194.889,1155,101,0,1383,7,19,288,0.980096
LoraWAN 1 gateways,0.8,95,0,160,100000,21,1567,9.2,1155,0,1472,95,7,0,0,0
LoraWAN 2 gateways,0.8,618,9,160,100000,21,1567,40.8889,1155,0,1567,627,7,-627,0,0
LoraWAN 3 gateways,0.8,876,25,160,100000,21,1567,40.8889,1155,0,1567,901,7,-901,0,0
Multihop 1 gateways,0.9,1252,222,160,100000,21,1977,194.889,1155,119,0,1476,7,21,363,0.973334
LoraWAN 1 gateways,0.9,111,0,160,100000,21,1688,9.2,1155,0,1577,111,7,0,0,0
LoraWAN 2 gateways,0.9,669,8,160,100000,21,1688,40.8889,1155,0,1688,677,7,-677,0,0
LoraWAN 3 gateways,0.9,942,25,160,100000,21,1688,40.8889,1155,0,1688,967,7,-967,0,0
Multihop 1 gateways,1,1376,161,160,100000,21,2105,194.889,1155,120,0,1537,7,29,419,0.952536
LoraWAN 1 gateways,1,102,2,160,100000,21,1780,9.2,1155,0,1676,104,7,0,0,0
LoraWAN 2 gateways,1,700,16,160,100000,21,1780,40.8889,1155,0,1780,716,7,-716,0,0
LoraWAN 3 gateways,1,1009,18,160,100000,21,1780,40.8889,1155,0,1780,1027,7,-1027,0,0
