case,rate,decoded,non_decoded,nodes_number,life_time,maximum_trans,gen_packets,delay,max_delay,interference_in_node,out_of_range_in_ge,in_range_in_ge,max_sf,time_out,drop_p_async,fairness
Multihop 1 gateways,0.1,3373,116,180,1000000,215,3516,359009,1155,10,0,3489,7,0,17,0.999557
LoraWAN 1 gateways,0.1,1028,12,180,1000000,215,3511,47288,1155,0,2471,1040,7,0,0,0
LoraWAN 2 gateways,0.1,2830,17,180,1000000,215,3511,130180,1155,0,3511,2847,7,-2847,0,0
LoraWAN 3 gateways,0.1,3468,25,180,1000000,215,3511,159528,1155,0,3511,3483,7,-3493,0,0
Multihop 1 gateways,0.2,6029,425,180,1000000,215,6552,638827,1155,44,0,6454,7,0,54,0.999814
LoraWAN 1 gateways,0.2,1870,68,180,1000000,215,6496,86020,1155,0,4558,1938,7,0,0,0
LoraWAN 2 gateways,0.2,5223,68,180,1000000,215,6496,240258,1155,0,6496,5292,7,-5291,0,0
LoraWAN 3 gateways,0.2,6351,161,180,1000000,215,6496,292146,1155,0,6496,6451,7,-6512,0,0
Multihop 1 gateways,0.3,8161,821,180,1000000,215,9158,861693,1155,73,0,8983,7,3,100,0.996967
LoraWAN 1 gateways,0.3,2553,76,180,1000000,215,8968,117438,1155,0,6339,2629,7,0,0,0
LoraWAN 2 gateways,0.3,7115,159,180,1000000,215,8968,327290,1155,0,8968,7274,7,-7274,0,0
LoraWAN 3 gateways,0.3,8749,282,180,1000000,215,8968,402454,1155,0,8968,8917,7,-9031,0,0
Multihop 1 gateways,0.4,10259,945,180,1000000,215,11490,1078379,1155,96,0,11204,7,14,176,0.999615
LoraWAN 1 gateways,0.4,3168,117,180,1000000,215,11137,145728,1155,0,7852,3285,7,0,0,0
LoraWAN 2 gateways,0.4,8773,254,180,1000000,215,11137,403558,1155,0,11137,9027,7,-9027,0,0
LoraWAN 3 gateways,0.4,10831,451,180,1000000,215,11137,498226,1155,0,11137,11092,7,-11282,0,0
Multihop 1 gateways,0.5,11557,1635,180,1000000,215,13557,1197710,1155,130,0,13192,7,8,227,0.998534
LoraWAN 1 gateways,0.5,3669,110,180,1000000,215,12995,168774,1155,0,9216,3779,7,0,0,0
LoraWAN 2 gateways,0.5,10161,376,180,1000000,215,12995,467406,1155,0,12995,10537,7,-10537,0,0
LoraWAN 3 gateways,0.5,12538,634,180,1000000,215,12995,576748,1155,0,12995,12919,7,-13172,0,0
Multihop 1 gateways,0.6,12615,2318,180,1000000,215,15420,1311797,1155,176,0,14934,7,16,295,0.997302
LoraWAN 1 gateways,0.6,4165,171,180,1000000,215,14613,191590,1155,0,10277,4336,7,0,0,0
LoraWAN 2 gateways,0.6,11338,496,180,1000000,215,14613,521548,1155,0,14613,11834,7,-11834,0,0
LoraWAN 3 gateways,0.6,14043,812,180,1000000,215,14613,645978,1155,0,14613,14530,7,-14855,0,0
Multihop 1 gateways,0.7,14238,2255,180,1000000,215,17065,1473405,1155,189,0,16496,7,11,372,0.996725
LoraWAN 1 gateways,0.7,4458,197,180,1000000,215,16010,205068,1155,0,11355,4655,7,0,0,0
LoraWAN 2 gateways,0.7,12369,593,180,1000000,215,16010,568974,1155,0,16010,12962,7,-12962,0,0
LoraWAN 3 gateways,0.7,15365,947,180,1000000,215,16010,706790,1155,0,16010,15917,7,-16312,0,0
Multihop 1 gateways,0.8,14633,3311,180,1000000,215,18665,1516636,1155,263,0,17947,7,31,427,0.998562
LoraWAN 1 gateways,0.8,4834,208,180,1000000,215,17340,222364,1155,0,12298,5042,7,0,0,0
LoraWAN 2 gateways,0.8,13459,611,180,1000000,215,17340,619114,1155,0,17340,14070,7,-14070,0,0
LoraWAN 3 gateways,0.8,16530,1172,180,1000000,215,17340,760380,1155,0,17340,17231,7,-17702,0,0
Multihop 1 gateways,0.9,16259,3146,180,1000000,215,20184,1679614,1155,272,0,19406,7,18,489,0.999718
LoraWAN 1 gateways,0.9,5115,357,180,1000000,215,18474,235290,1155,0,13002,5472,7,0,0,0
LoraWAN 2 gateways,0.9,14188,812,180,1000000,215,18474,652648,1155,0,18474,15001,7,-15000,0,0
LoraWAN 3 gateways,0.9,17586,1284,180,1000000,215,18474,808956,1155,0,18474,18372,7,-18870,0,0
Multihop 1 gateways,1,16460,4104,180,1000000,215,21498,1683648,1155,303,0,20566,7,32,599,0.992064
LoraWAN 1 gateways,1,5442,312,180,1000000,215,19493,250332,1155,0,13738,5755,7,1,0,0
LoraWAN 2 gateways,1,15088,742,180,1000000,215,19493,694048,1155,0,19493,15831,7,-15830,0,0
LoraWAN 3 gateways,1,18533,1393,180,1000000,215,19493,852518,1155,0,19493,19384,7,-19926,0,0
Multihop 1 gateways,0.1,3367,124,180,1000000,215,3516,360784,1155,7,0,3491,7,1,17,0.999941
LoraWAN 1 gateways,0.1,951,6,180,1000000,215,3511,43746,1155,0,2554,957,7,0,0,0
LoraWAN 2 gateways,0.1,2283,16,180,1000000,215,3511,105018,1155,0,3511,2299,7,-2299,0,0
LoraWAN 3 gateways,0.1,2884,10,180,1000000,215,3511,132664,1155,0,3511,2894,7,-2894,0,0
Multihop 1 gateways,0.2,6048,406,180,1000000,215,6552,642978,1155,38,0,6454,7,7,53,0.999932
LoraWAN 1 gateways,0.2,1754,26,180,1000000,215,6496,80684,1155,0,4716,1780,7,0,0,0
LoraWAN 2 gateways,0.2,4255,65,180,1000000,215,6496,195730,1155,0,6496,4320,7,-4320,0,0
LoraWAN 3 gateways,0.2,5334,82,180,1000000,215,6496,245364,1155,0,6496,5405,7,-5416,0,0
Multihop 1 gateways,0.3,8296,700,180,1000000,215,9157,877952,1155,50,0,8996,7,18,93,0.999048
LoraWAN 1 gateways,0.3,2364,62,180,1000000,215,8968,108744,1155,0,6542,2426,7,0,0,0
LoraWAN 2 gateways,0.3,5739,110,180,1000000,215,8968,263994,1155,0,8968,5849,7,-5849,0,0
LoraWAN 3 gateways,0.3,7280,140,180,1000000,215,8968,334880,1155,0,8968,7399,7,-7420,0,0
Multihop 1 gateways,0.4,10080,1105,180,1000000,215,11490,1059056,1155,101,0,11185,7,12,192,0.99973
LoraWAN 1 gateways,0.4,2901,153,180,1000000,215,11137,133446,1155,0,8083,3054,7,0,0,0
LoraWAN 2 gateways,0.4,7063,182,180,1000000,215,11137,324898,1155,0,11137,7245,7,-7245,0,0
LoraWAN 3 gateways,0.4,9018,214,180,1000000,215,11137,414828,1155,0,11137,9193,7,-9232,0,0
Multihop 1 gateways,0.5,11771,1378,180,1000000,215,13544,1228730,1155,131,0,13149,7,21,243,0.998941
LoraWAN 1 gateways,0.5,3443,114,180,1000000,215,12995,158378,1155,0,9438,3557,7,0,0,0
LoraWAN 2 gateways,0.5,8375,199,180,1000000,215,12995,385250,1155,0,12995,8574,7,-8574,0,0
LoraWAN 3 gateways,0.5,10562,295,180,1000000,215,12995,485852,1155,0,12995,10807,7,-10857,0,0
Multihop 1 gateways,0.6,13049,1783,180,1000000,215,15393,1368395,1155,170,0,14834,7,29,362,0.999624
LoraWAN 1 gateways,0.6,3868,135,180,1000000,215,14613,177928,1155,0,10610,4003,7,0,0,0
LoraWAN 2 gateways,0.6,9325,270,180,1000000,215,14613,428950,1155,0,14613,9595,7,-9595,0,0
LoraWAN 3 gateways,0.6,11818,339,180,1000000,215,14613,543628,1155,0,14613,12100,7,-12157,0,0
Multihop 1 gateways,0.7,13853,2494,180,1000000,215,17020,1436086,1155,202,0,16348,7,42,429,0.999673
LoraWAN 1 gateways,0.7,4162,155,180,1000000,215,16010,191452,1155,0,11693,4317,7,0,0,0
LoraWAN 2 gateways,0.7,10044,396,180,1000000,215,16010,462024,1155,0,16010,10440,7,-10440,0,0
LoraWAN 3 gateways,0.7,12858,424,180,1000000,215,16010,591468,1155,0,16010,13218,7,-13282,0,0
Multihop 1 gateways,0.8,15247,2627,180,1000000,215,18642,1573728,1155,239,0,17875,7,35,494,0.998457
LoraWAN 1 gateways,0.8,4546,152,180,1000000,215,17340,209116,1155,0,12642,4698,7,0,0,0
LoraWAN 2 gateways,0.8,11015,378,180,1000000,215,17340,506690,1155,0,17340,11393,7,-11393,0,0
LoraWAN 3 gateways,0.8,13944,505,180,1000000,215,17340,641424,1155,0,17340,14371,7,-14449,0,0
Multihop 1 gateways,0.9,15959,3263,180,1000000,215,20138,1647322,1155,280,0,19223,7,56,580,0.996465
LoraWAN 1 gateways,0.9,4842,254,180,1000000,215,18474,222732,1155,0,13378,5096,7,0,0,0
LoraWAN 2 gateways,0.9,11611,483,180,1000000,215,18474,534106,1155,0,18474,12095,7,-12094,0,0
LoraWAN 3 gateways,0.9,14854,528,180,1000000,215,18474,683284,1155,0,18474,15307,7,-15382,0,0
Multihop 1 gateways,1,17031,3512,180,1000000,215,21445,1751032,1155,279,0,20543,7,45,578,0.994442
LoraWAN 1 gateways,1,5052,258,180,1000000,215,19493,232392,1155,0,14183,5310,7,0,0,0
LoraWAN 2 gateways,1,12242,492,180,1000000,215,19493,563132,1155,0,19493,12735,7,-12734,0,0
LoraWAN 3 gateways,1,15604,607,180,1000000,215,19493,717784,1155,0,19493,16109,7,-16211,0,0
Multihop 1 gateways,0.1,3338,131,180,1000000,215,3514,368781,1155,21,0,3470,7,3,21,0.999671
LoraWAN 1 gateways,0.1,977,18,180,1000000,215,3511,44942,1155,0,2516,995,7,0,0,0
LoraWAN 2 gateways,0.1,2644,22,180,1000000,215,3511,121624,1155,0,3511,2666,7,-2666,0,0
LoraWAN 3 gateways,0.1,3430,43,180,1000000,215,3511,157780,1155,0,3511,3471,7,-3473,0,0
Multihop 1 gateways,0.2,6030,397,180,1000000,215,6555,657461,1155,45,0,6427,7,3,80,0.999268
LoraWAN 1 gateways,0.2,1862,29,180,1000000,215,6496,85652,1155,0,4604,1892,7,1,0,0
LoraWAN 2 gateways,0.2,4704,75,180,1000000,215,6496,216384,1155,0,6496,4780,7,-4779,0,0
LoraWAN 3 gateways,0.2,6308,108,180,1000000,215,6496,290168,1155,0,6496,6414,7,-6416,0,0
Multihop 1 gateways,0.3,8202,680,180,1000000,215,9159,898104,1155,91,0,8883,7,15,171,0.997943
LoraWAN 1 gateways,0.3,2421,56,180,1000000,215,8968,111366,1155,0,6491,2477,7,0,0,0
LoraWAN 2 gateways,0.3,6486,162,180,1000000,215,8968,298356,1155,0,8968,6648,7,-6648,0,0
LoraWAN 3 gateways,0.3,8657,207,180,1000000,215,8968,398222,1155,0,8968,8863,7,-8864,0,0
Multihop 1 gateways,0.4,9833,1259,180,1000000,215,11494,1080596,1155,146,0,11092,7,20,236,0.998776
LoraWAN 1 gateways,0.4,3090,85,180,1000000,215,11137,142140,1155,0,7962,3175,7,0,0,0
LoraWAN 2 gateways,0.4,7975,270,180,1000000,215,11137,366850,1155,0,11137,8245,7,-8245,0,0
LoraWAN 3 gateways,0.4,10703,318,180,1000000,215,11137,492338,1155,0,11137,11016,7,-11021,0,0
Multihop 1 gateways,0.5,11613,1397,180,1000000,215,13573,1255820,1155,181,0,13010,7,18,364,0.998438
LoraWAN 1 gateways,0.5,3512,159,180,1000000,215,12995,161552,1155,0,9324,3671,7,0,0,0
LoraWAN 2 gateways,0.5,9253,349,180,1000000,215,12995,425638,1155,0,12995,9602,7,-9602,0,0
LoraWAN 3 gateways,0.5,12401,451,180,1000000,215,12995,570446,1155,0,12995,12844,7,-12852,0,0
Multihop 1 gateways,0.6,12907,1756,180,1000000,215,15402,1388878,1155,250,0,14664,7,19,470,0.998276
LoraWAN 1 gateways,0.6,4036,129,180,1000000,215,14613,185656,1155,0,10448,4165,7,0,0,0
LoraWAN 2 gateways,0.6,10449,462,180,1000000,215,14613,480654,1155,0,14613,10911,7,-10911,0,0
LoraWAN 3 gateways,0.6,13840,630,180,1000000,215,14613,636640,1155,0,14613,14458,7,-14470,0,0
Multihop 1 gateways,0.7,14036,2173,180,1000000,215,17070,1509424,1155,247,0,16210,7,36,578,0.997921
LoraWAN 1 gateways,0.7,4311,205,180,1000000,215,16010,198306,1155,0,11494,4516,7,0,0,0
LoraWAN 2 gateways,0.7,11458,519,180,1000000,215,16010,527068,1155,0,16010,11977,7,-11977,0,0
LoraWAN 3 gateways,0.7,15119,727,180,1000000,215,16010,695474,1155,0,16010,15837,7,-15846,0,0
Multihop 1 gateways,0.8,15073,2596,180,1000000,215,18695,1609515,1155,320,0,17670,7,41,665,0.997822
LoraWAN 1 gateways,0.8,4669,200,180,1000000,215,17340,214774,1155,0,12471,4869,7,0,0,0
LoraWAN 2 gateways,0.8,12242,658,180,1000000,215,17340,563132,1155,0,17340,12900,7,-12900,0,0
LoraWAN 3 gateways,0.8,16364,775,180,1000000,215,17340,752744,1155,0,17340,17137,7,-17139,0,0
Multihop 1 gateways,0.9,15813,3118,180,1000000,215,20170,1684498,1155,428,0,18932,7,37,774,0.997061
LoraWAN 1 gateways,0.9,5009,235,180,1000000,215,18474,230414,1155,0,13230,5244,7,0,0,0
LoraWAN 2 gateways,0.9,12938,820,180,1000000,215,18474,595148,1155,0,18474,13759,7,-13758,0,0
LoraWAN 3 gateways,0.9,17335,958,180,1000000,215,18474,797410,1155,0,18474,18276,7,-18293,0,0
Multihop 1 gateways,1,16255,3852,180,1000000,215,21503,1722418,1155,540,0,20109,7,51,805,0.997786
LoraWAN 1 gateways,1,5270,301,180,1000000,215,19493,242420,1155,0,13922,5571,7,0,0,0
LoraWAN 2 gateways,1,13681,840,180,1000000,215,19493,629326,1155,0,19493,14523,7,-14521,0,0
LoraWAN 3 gateways,1,18161,1127,180,1000000,215,19493,835406,1155,0,19493,19275,7,-19288,0,0
Multihop 1 gateways,0.1,3391,94,180,1000000,215,3516,369560,1155,9,0,3485,7,3,19,0.999931
LoraWAN 1 gateways,0.1,1115,16,180,1000000,215,3511,51290,1155,0,2380,1131,7,0,0,0
LoraWAN 2 gateways,0.1,1978,18,180,1000000,215,3511,90988,1155,0,3511,1996,7,-1996,0,0
LoraWAN 3 gateways,0.1,3371,27,180,1000000,215,3511,155066,1155,0,3511,3392,7,-3398,0,0
Multihop 1 gateways,0.2,6096,361,180,1000000,215,6553,675047,1155,15,0,6457,7,8,73,0.999712
LoraWAN 1 gateways,0.2,2061,46,180,1000000,215,6496,94806,1155,0,4389,2107,7,0,0,0
LoraWAN 2 gateways,0.2,3564,41,180,1000000,215,6496,163944,1155,0,6496,3606,7,-3605,0,0
LoraWAN 3 gateways,0.2,6224,71,180,1000000,215,6496,286304,1155,0,6496,6285,7,-6295,0,0
Multihop 1 gateways,0.3,8307,618,180,1000000,215,9151,912903,1155,55,0,8926,7,17,154,0.999439
LoraWAN 1 gateways,0.3,2744,106,180,1000000,215,8968,126224,1155,0,6118,2850,7,0,0,0
LoraWAN 2 gateways,0.3,4976,63,180,1000000,215,8968,228896,1155,0,8968,5039,7,-5039,0,0
LoraWAN 3 gateways,0.3,8522,185,180,1000000,215,8968,392012,1155,0,8968,8680,7,-8707,0,0
Multihop 1 gateways,0.4,10111,1090,180,1000000,215,11496,1108293,1155,63,0,11201,7,23,209,0.995438
LoraWAN 1 gateways,0.4,3480,138,180,1000000,215,11137,160080,1155,0,7519,3618,7,0,0,0
LoraWAN 2 gateways,0.4,6141,108,180,1000000,215,11137,282486,1155,0,11137,6249,7,-6249,0,0
LoraWAN 3 gateways,0.4,10513,288,180,1000000,215,11137,483598,1155,0,11137,10752,7,-10801,0,0
Multihop 1 gateways,0.5,11695,1477,180,1000000,215,13594,1266192,1155,106,0,13172,7,23,293,0.998719
LoraWAN 1 gateways,0.5,4072,133,180,1000000,215,12995,187312,1155,0,8790,4205,7,0,0,0
LoraWAN 2 gateways,0.5,7120,137,180,1000000,215,12995,327520,1155,0,12995,7257,7,-7257,0,0
LoraWAN 3 gateways,0.5,12228,413,180,1000000,215,12995,562488,1155,0,12995,12565,7,-12641,0,0
Multihop 1 gateways,0.6,12965,1935,180,1000000,215,15455,1404563,1155,103,0,14901,7,34,418,0.99897
LoraWAN 1 gateways,0.6,4513,251,180,1000000,215,14613,207598,1155,0,9849,4764,7,0,0,0
LoraWAN 2 gateways,0.6,8013,199,180,1000000,215,14613,368598,1155,0,14613,8212,7,-8212,0,0
LoraWAN 3 gateways,0.6,13739,470,180,1000000,215,14613,631994,1155,0,14613,14127,7,-14209,0,0
Multihop 1 gateways,0.7,14070,2410,180,1000000,215,17116,1511257,1155,128,0,16480,7,60,448,0.997632
LoraWAN 1 gateways,0.7,4872,263,180,1000000,215,16010,224112,1155,0,10875,5135,7,0,0,0
LoraWAN 2 gateways,0.7,8723,246,180,1000000,215,16010,401258,1155,0,16010,8969,7,-8969,0,0
LoraWAN 3 gateways,0.7,14967,633,180,1000000,215,16010,688482,1155,0,16010,15487,7,-15600,0,0
Multihop 1 gateways,0.8,14802,3156,180,1000000,215,18772,1576839,1155,168,0,17960,7,49,597,0.989503
LoraWAN 1 gateways,0.8,5266,277,180,1000000,215,17340,242236,1155,0,11797,5543,7,0,0,0
LoraWAN 2 gateways,0.8,9396,284,180,1000000,215,17340,432216,1155,0,17340,9680,7,-9680,0,0
LoraWAN 3 gateways,0.8,16197,704,180,1000000,215,17340,745062,1155,0,17340,16771,7,-16901,0,0
Multihop 1 gateways,0.9,16376,2860,180,1000000,215,20191,1763235,1155,215,0,19236,7,51,689,0.997669
LoraWAN 1 gateways,0.9,5692,324,180,1000000,215,18474,261832,1155,0,12458,6016,7,0,0,0
LoraWAN 2 gateways,0.9,10161,302,180,1000000,215,18474,467406,1155,0,18474,10464,7,-10463,0,0
LoraWAN 3 gateways,0.9,17211,828,180,1000000,215,18474,791706,1155,0,18474,17876,7,-18039,0,0
Multihop 1 gateways,1,17168,3377,180,1000000,215,21594,1829984,1155,232,0,20547,7,79,738,0.996908
LoraWAN 1 gateways,1,5992,305,180,1000000,215,19493,275632,1155,0,13195,6298,7,1,0,0
LoraWAN 2 gateways,1,10600,356,180,1000000,215,19493,487600,1155,0,19493,10957,7,-10956,0,0
LoraWAN 3 gateways,1,18161,883,180,1000000,215,19493,835406,1155,0,19493,18849,7,-19044,0,0
Multihop 1 gateways,0.1,3361,141,180,1000000,215,3514,334785,1155,2,0,3502,7,0,10,0.999033
LoraWAN 1 gateways,0.1,1182,17,180,1000000,215,3511,54372,1155,0,2312,1199,7,0,0,0
LoraWAN 2 gateways,0.1,2694,25,180,1000000,215,3511,123924,1155,0,3511,2719,7,-2719,0,0
LoraWAN 3 gateways,0.1,3299,21,180,1000000,215,3511,151754,1155,0,3511,3319,7,-3320,0,0
Multihop 1 gateways,0.2,6083,392,180,1000000,215,6549,604582,1155,17,0,6475,7,9,48,0.997349
LoraWAN 1 gateways,0.2,2226,48,180,1000000,215,6496,102396,1155,0,4222,2274,7,0,0,0
LoraWAN 2 gateways,0.2,4988,68,180,1000000,215,6496,229448,1155,0,6496,5057,7,-5056,0,0
LoraWAN 3 gateways,0.2,6075,81,180,1000000,215,6496,279450,1155,0,6496,6155,7,-6156,0,0
Multihop 1 gateways,0.3,8110,869,180,1000000,215,9128,808853,1155,31,0,8979,7,15,103,0.997082
LoraWAN 1 gateways,0.3,2951,93,180,1000000,215,8968,135746,1155,0,5924,3044,7,0,0,0
LoraWAN 2 gateways,0.3,6826,138,180,1000000,215,8968,313996,1155,0,8968,6964,7,-6964,0,0
LoraWAN 3 gateways,0.3,8381,157,180,1000000,215,8968,385526,1155,0,8968,8532,7,-8538,0,0
Multihop 1 gateways,0.4,10110,1065,180,1000000,215,11455,1002187,1155,76,0,11175,7,23,181,0.994868
LoraWAN 1 gateways,0.4,3759,117,180,1000000,215,11137,172914,1155,0,7261,3876,7,0,0,0
LoraWAN 2 gateways,0.4,8429,246,180,1000000,215,11137,387734,1155,0,11137,8675,7,-8675,0,0
LoraWAN 3 gateways,0.4,10399,233,180,1000000,215,11137,478354,1155,0,11137,10617,7,-10632,0,0
Multihop 1 gateways,0.5,11543,1601,180,1000000,215,13467,1133400,1155,77,0,13144,7,35,211,0.996043
LoraWAN 1 gateways,0.5,4309,215,180,1000000,215,12995,198214,1155,0,8471,4524,7,0,0,0
LoraWAN 2 gateways,0.5,9755,308,180,1000000,215,12995,448730,1155,0,12995,10063,7,-10063,0,0
LoraWAN 3 gateways,0.5,12039,337,180,1000000,215,12995,553794,1155,0,12995,12354,7,-12376,0,0
Multihop 1 gateways,0.6,12734,2165,180,1000000,215,15304,1246167,1155,92,0,14899,7,30,283,0.980418
LoraWAN 1 gateways,0.6,4822,205,180,1000000,215,14613,221812,1155,0,9586,5027,7,0,0,0
LoraWAN 2 gateways,0.6,10957,420,180,1000000,215,14613,504022,1155,0,14613,11377,7,-11377,0,0
LoraWAN 3 gateways,0.6,13458,434,180,1000000,215,14613,619068,1155,0,14613,13874,7,-13892,0,0
Multihop 1 gateways,0.7,13889,2496,180,1000000,215,16887,1355897,1155,129,0,16385,7,33,340,0.993928
LoraWAN 1 gateways,0.7,5153,349,180,1000000,215,16010,237038,1155,0,10508,5502,7,0,0,0
LoraWAN 2 gateways,0.7,11955,482,180,1000000,215,16010,549930,1155,0,16010,12437,7,-12437,0,0
LoraWAN 3 gateways,0.7,14695,519,180,1000000,215,16010,675970,1155,0,16010,15189,7,-15214,0,0
Multihop 1 gateways,0.8,15125,2717,180,1000000,215,18489,1475600,1155,170,0,17842,7,33,444,0.991593
LoraWAN 1 gateways,0.8,5579,322,180,1000000,215,17340,256634,1155,0,11439,5901,7,0,0,0
LoraWAN 2 gateways,0.8,12844,643,180,1000000,215,17340,590824,1155,0,17340,13487,7,-13487,0,0
LoraWAN 3 gateways,0.8,15934,548,180,1000000,215,17340,732964,1155,0,17340,16466,7,-16482,0,0
Multihop 1 gateways,0.9,15800,3451,180,1000000,215,19968,1532752,1155,186,0,19251,7,45,486,0.993952
LoraWAN 1 gateways,0.9,5992,388,180,1000000,215,18474,275632,1155,0,12094,6380,7,0,0,0
LoraWAN 2 gateways,0.9,13668,694,180,1000000,215,18474,628728,1155,0,18474,14362,7,-14362,0,0
LoraWAN 3 gateways,0.9,16969,616,180,1000000,215,18474,780574,1155,0,18474,17551,7,-17585,0,0
Multihop 1 gateways,1,15852,4544,180,1000000,215,21174,1517052,1155,199,0,20396,7,57,522,0.986096
LoraWAN 1 gateways,1,6295,411,180,1000000,215,19493,289570,1155,0,12787,6706,7,0,0,0
LoraWAN 2 gateways,1,14423,765,180,1000000,215,19493,663458,1155,0,19493,15189,7,-15188,0,0
LoraWAN 3 gateways,1,17723,853,180,1000000,215,19493,815258,1155,0,19493,18520,7,-18576,0,0
Multihop 1 gateways,0.1,3330,162,180,1000000,215,3516,374675,1155,10,0,3493,7,3,11,0.998274
LoraWAN 1 gateways,0.1,1092,4,180,1000000,215,3511,50232,1155,0,2415,1096,7,0,0,0
LoraWAN 2 gateways,0.1,1956,11,180,1000000,215,3511,89976,1155,0,3511,1967,7,-1967,0,0
LoraWAN 3 gateways,0.1,3176,26,180,1000000,215,3511,146096,1155,0,3511,3200,7,-3202,0,0
Multihop 1 gateways,0.2,6124,337,180,1000000,215,6555,680182,1155,27,0,6461,7,5,62,0.999923
LoraWAN 1 gateways,0.2,1995,47,180,1000000,215,6496,91770,1155,0,4454,2042,7,0,0,0
LoraWAN 2 gateways,0.2,3688,44,180,1000000,215,6496,169648,1155,0,6496,3733,7,-3732,0,0
LoraWAN 3 gateways,0.2,5884,77,180,1000000,215,6496,270664,1155,0,6496,5958,7,-5961,0,0
Multihop 1 gateways,0.3,8187,782,180,1000000,215,9159,907811,1155,50,0,8969,7,4,136,0.999545
LoraWAN 1 gateways,0.3,2673,83,180,1000000,215,8968,122958,1155,0,6212,2756,7,0,0,0
LoraWAN 2 gateways,0.3,5031,84,180,1000000,215,8968,231426,1155,0,8968,5115,7,-5115,0,0
LoraWAN 3 gateways,0.3,8043,185,180,1000000,215,8968,369978,1155,0,8968,8215,7,-8228,0,0
Multihop 1 gateways,0.4,10088,1178,180,1000000,215,11509,1110767,1155,46,0,11266,7,8,189,0.999629
LoraWAN 1 gateways,0.4,3364,148,180,1000000,215,11137,154744,1155,0,7625,3512,7,0,0,0
LoraWAN 2 gateways,0.4,6268,132,180,1000000,215,11137,288328,1155,0,11137,6400,7,-6400,0,0
LoraWAN 3 gateways,0.4,10001,245,180,1000000,215,11137,460046,1155,0,11137,10222,7,-10246,0,0
Multihop 1 gateways,0.5,11834,1461,180,1000000,215,13601,1303726,1155,73,0,13295,7,7,226,0.997409
LoraWAN 1 gateways,0.5,3841,174,180,1000000,215,12995,176686,1155,0,8980,4015,7,0,0,0
LoraWAN 2 gateways,0.5,7276,186,180,1000000,215,12995,334696,1155,0,12995,7462,7,-7462,0,0
LoraWAN 3 gateways,0.5,11577,338,180,1000000,215,12995,532542,1155,0,12995,11885,7,-11915,0,0
Multihop 1 gateways,0.6,12934,2108,180,1000000,215,15474,1410455,1155,107,0,15042,7,10,315,0.988191
LoraWAN 1 gateways,0.6,4397,223,180,1000000,215,14613,202262,1155,0,9993,4620,7,0,0,0
LoraWAN 2 gateways,0.6,8153,240,180,1000000,215,14613,375038,1155,0,14613,8393,7,-8393,0,0
LoraWAN 3 gateways,0.6,12987,475,180,1000000,215,14613,597402,1155,0,14613,13415,7,-13462,0,0
Multihop 1 gateways,0.7,13927,2673,180,1000000,215,17140,1523091,1155,138,0,16601,7,9,393,0.999318
LoraWAN 1 gateways,0.7,4723,222,180,1000000,215,16010,217258,1155,0,11065,4945,7,0,0,0
LoraWAN 2 gateways,0.7,8837,263,180,1000000,215,16010,406502,1155,0,16010,9100,7,-9100,0,0
LoraWAN 3 gateways,0.7,14229,491,180,1000000,215,16010,654534,1155,0,16010,14672,7,-14720,0,0
Multihop 1 gateways,0.8,15107,3034,180,1000000,215,18792,1637185,1155,172,0,18141,7,18,461,0.999341
LoraWAN 1 gateways,0.8,5017,356,180,1000000,215,17340,230782,1155,0,11967,5373,7,0,0,0
LoraWAN 2 gateways,0.8,9578,306,180,1000000,215,17340,440588,1155,0,17340,9884,7,-9884,0,0
LoraWAN 3 gateways,0.8,15322,565,180,1000000,215,17340,704812,1155,0,17340,15843,7,-15887,0,0
Multihop 1 gateways,0.9,15622,3959,180,1000000,215,20310,1675600,1155,174,0,19582,7,14,541,0.994176
LoraWAN 1 gateways,0.9,5453,331,180,1000000,215,18474,250838,1155,0,12690,5784,7,0,0,0
LoraWAN 2 gateways,0.9,10222,321,180,1000000,215,18474,470212,1155,0,18474,10544,7,-10543,0,0
LoraWAN 3 gateways,0.9,16333,642,180,1000000,215,18474,751318,1155,0,18474,16918,7,-16975,0,0
Multihop 1 gateways,1,16968,3872,180,1000000,215,21684,1824807,1155,207,0,20844,7,20,617,0.998776
LoraWAN 1 gateways,1,5748,398,180,1000000,215,19493,264408,1155,0,13347,6146,7,0,0,0
LoraWAN 2 gateways,1,10724,415,180,1000000,215,19493,493304,1155,0,19493,11141,7,-11139,0,0
LoraWAN 3 gateways,1,17201,724,180,1000000,215,19493,791246,1155,0,19493,17878,7,-17925,0,0
Multihop 1 gateways,0.1,3400,95,180,1000000,215,3514,360694,1155,2,0,3495,7,1,16,0.999936
LoraWAN 1 gateways,0.1,1050,8,180,1000000,215,3511,48300,1155,0,2453,1058,7,0,0,0
LoraWAN 2 gateways,0.1,2496,28,180,1000000,215,3511,114816,1155,0,3511,2524,7,-2524,0,0
LoraWAN 3 gateways,0.1,3301,19,180,1000000,215,3511,151846,1155,0,3511,3320,7,-3320,0,0
Multihop 1 gateways,0.2,6023,432,180,1000000,215,6552,634584,1155,31,0,6455,7,3,63,0.99907
LoraWAN 1 gateways,0.2,1956,22,180,1000000,215,6496,89976,1155,0,4518,1978,7,0,0,0
LoraWAN 2 gateways,0.2,4617,75,180,1000000,215,6496,212382,1155,0,6496,4693,7,-4692,0,0
LoraWAN 3 gateways,0.2,6041,88,180,1000000,215,6496,277886,1155,0,6496,6129,7,-6129,0,0
Multihop 1 gateways,0.3,8172,790,180,1000000,215,9153,849232,1155,43,0,8963,7,11,137,0.999292
LoraWAN 1 gateways,0.3,2571,70,180,1000000,215,8968,118266,1155,0,6327,2641,7,0,0,0
LoraWAN 2 gateways,0.3,6320,110,180,1000000,215,8968,290720,1155,0,8968,6430,7,-6430,0,0
LoraWAN 3 gateways,0.3,8341,125,180,1000000,215,8968,383686,1155,0,8968,8464,7,-8466,0,0
Multihop 1 gateways,0.4,9887,1285,180,1000000,215,11475,1019780,1155,104,0,11172,7,7,192,0.998999
LoraWAN 1 gateways,0.4,3228,130,180,1000000,215,11137,148488,1155,0,7779,3358,7,0,0,0
LoraWAN 2 gateways,0.4,7822,165,180,1000000,215,11137,359812,1155,0,11137,7987,7,-7987,0,0
LoraWAN 3 gateways,0.4,10324,196,180,1000000,215,11137,474904,1155,0,11137,10518,7,-10520,0,0
Multihop 1 gateways,0.5,11823,1344,180,1000000,215,13548,1222104,1155,110,0,13167,7,24,247,0.998224
LoraWAN 1 gateways,0.5,3737,147,180,1000000,215,12995,171902,1155,0,9111,3884,7,0,0,0
LoraWAN 2 gateways,0.5,9060,255,180,1000000,215,12995,416760,1155,0,12995,9315,7,-9315,0,0
LoraWAN 3 gateways,0.5,12012,252,180,1000000,215,12995,552552,1155,0,12995,12258,7,-12264,0,0
Multihop 1 gateways,0.6,12907,1928,180,1000000,215,15370,1324126,1155,158,0,14835,7,19,358,0.997339
LoraWAN 1 gateways,0.6,4209,168,180,1000000,215,14613,193614,1155,0,10236,4377,7,0,0,0
LoraWAN 2 gateways,0.6,10083,361,180,1000000,215,14613,463818,1155,0,14613,10444,7,-10444,0,0
LoraWAN 3 gateways,0.6,13405,376,180,1000000,215,14613,616630,1155,0,14613,13777,7,-13781,0,0
Multihop 1 gateways,0.7,14220,2158,180,1000000,215,16986,1460268,1155,206,0,16378,7,32,370,0.997722
LoraWAN 1 gateways,0.7,4542,188,180,1000000,215,16010,208932,1155,0,11280,4730,7,0,0,0
LoraWAN 2 gateways,0.7,11057,430,180,1000000,215,16010,508622,1155,0,16010,11487,7,-11487,0,0
LoraWAN 3 gateways,0.7,14663,453,180,1000000,215,16010,674498,1155,0,16010,15107,7,-15116,0,0
Multihop 1 gateways,0.8,15186,2716,180,1000000,215,18619,1557485,1155,246,0,17903,7,24,447,0.998488
LoraWAN 1 gateways,0.8,4932,257,180,1000000,215,17340,226872,1155,0,12151,5189,7,0,0,0
LoraWAN 2 gateways,0.8,11968,477,180,1000000,215,17340,550528,1155,0,17340,12445,7,-12445,0,0
LoraWAN 3 gateways,0.8,15835,541,180,1000000,215,17340,728410,1155,0,17340,16368,7,-16376,0,0
Multihop 1 gateways,0.9,16064,3173,180,1000000,215,20108,1626110,1155,278,0,19238,7,20,573,0.99142
LoraWAN 1 gateways,0.9,5347,250,180,1000000,215,18474,245962,1155,0,12877,5597,7,0,0,0
LoraWAN 2 gateways,0.9,12693,556,180,1000000,215,18474,583878,1155,0,18474,13249,7,-13249,0,0
LoraWAN 3 gateways,0.9,16802,658,180,1000000,215,18474,772892,1155,0,18474,17455,7,-17460,0,0
Multihop 1 gateways,1,17109,3347,180,1000000,215,21409,1740897,1155,326,0,20457,7,34,593,0.996366
LoraWAN 1 gateways,1,5531,295,180,1000000,215,19493,254426,1155,0,13667,5826,7,0,0,0
LoraWAN 2 gateways,1,13244,666,180,1000000,215,19493,609224,1155,0,19493,13911,7,-13910,0,0
LoraWAN 3 gateways,1,17653,749,180,1000000,215,19493,812038,1155,0,19493,18388,7,-18402,0,0
Multihop 1 gateways,0.1,3376,109,180,1000000,215,3514,370131,1155,7,0,3485,7,0,22,0.999748
LoraWAN 1 gateways,0.1,945,8,180,1000000,215,3511,43470,1155,0,2558,953,7,0,0,0
LoraWAN 2 gateways,0.1,2374,19,180,1000000,215,3511,109204,1155,0,3511,2393,7,-2393,0,0
LoraWAN 3 gateways,0.1,2730,13,180,1000000,215,3511,125580,1155,0,3511,2738,7,-2743,0,0
Multihop 1 gateways,0.2,6091,348,180,1000000,215,6555,664491,1155,35,0,6439,7,1,80,0.999792
LoraWAN 1 gateways,0.2,1771,28,180,1000000,215,6496,81466,1155,0,4697,1799,7,0,0,0
LoraWAN 2 gateways,0.2,4383,46,180,1000000,215,6496,201618,1155,0,6496,4430,7,-4429,0,0
LoraWAN 3 gateways,0.2,5004,63,180,1000000,215,6496,230184,1155,0,6496,5061,7,-5067,0,0
Multihop 1 gateways,0.3,8151,787,180,1000000,215,9151,883240,1155,72,0,8940,7,10,131,0.999492
LoraWAN 1 gateways,0.3,2336,57,180,1000000,215,8968,107456,1155,0,6575,2393,7,0,0,0
LoraWAN 2 gateways,0.3,5978,123,180,1000000,215,8968,274988,1155,0,8968,6101,7,-6101,0,0
LoraWAN 3 gateways,0.3,6877,123,180,1000000,215,8968,316342,1155,0,8968,6979,7,-7000,0,0
Multihop 1 gateways,0.4,10192,998,180,1000000,215,11486,1106026,1155,100,0,11191,7,12,184,0.999672
LoraWAN 1 gateways,0.4,2901,93,180,1000000,215,11137,133446,1155,0,8143,2994,7,0,0,0
LoraWAN 2 gateways,0.4,7438,148,180,1000000,215,11137,342148,1155,0,11137,7586,7,-7586,0,0
LoraWAN 3 gateways,0.4,8478,187,180,1000000,215,11137,389988,1155,0,11137,8646,7,-8665,0,0
Multihop 1 gateways,0.5,11730,1362,180,1000000,215,13561,1260121,1155,157,0,13093,7,10,302,0.992149
LoraWAN 1 gateways,0.5,3355,122,180,1000000,215,12995,154330,1155,0,9518,3477,7,0,0,0
LoraWAN 2 gateways,0.5,8667,244,180,1000000,215,12995,398682,1155,0,12995,8911,7,-8911,0,0
LoraWAN 3 gateways,0.5,9932,237,180,1000000,215,12995,456872,1155,0,12995,10135,7,-10169,0,0
Multihop 1 gateways,0.6,12973,1814,180,1000000,215,15403,1388787,1155,225,0,14789,7,19,372,0.999004
LoraWAN 1 gateways,0.6,3776,128,180,1000000,215,14613,173696,1155,0,10709,3904,7,0,0,0
LoraWAN 2 gateways,0.6,9702,331,180,1000000,215,14613,446292,1155,0,14613,10033,7,-10033,0,0
LoraWAN 3 gateways,0.6,11099,356,180,1000000,215,14613,510554,1155,0,14613,11396,7,-11455,0,0
Multihop 1 gateways,0.7,14219,2101,180,1000000,215,17072,1509726,1155,269,0,16322,7,28,455,0.998092
LoraWAN 1 gateways,0.7,4035,168,180,1000000,215,16010,185610,1155,0,11807,4203,7,0,0,0
LoraWAN 2 gateways,0.7,10607,352,180,1000000,215,16010,487922,1155,0,16010,10959,7,-10959,0,0
LoraWAN 3 gateways,0.7,12071,428,180,1000000,215,16010,555266,1155,0,16010,12452,7,-12499,0,0
Multihop 1 gateways,0.8,14791,3058,180,1000000,215,18741,1564214,1155,315,0,17849,7,30,547,0.998257
LoraWAN 1 gateways,0.8,4317,273,180,1000000,215,17340,198582,1155,0,12750,4590,7,0,0,0
LoraWAN 2 gateways,0.8,11406,430,180,1000000,215,17340,524676,1155,0,17340,11836,7,-11836,0,0
LoraWAN 3 gateways,0.8,13141,434,180,1000000,215,17340,604486,1155,0,17340,13503,7,-13575,0,0
Multihop 1 gateways,0.9,15725,3455,180,1000000,215,20184,1660627,1155,357,0,19182,7,37,610,0.998954
LoraWAN 1 gateways,0.9,4715,257,180,1000000,215,18474,216890,1155,0,13502,4972,7,0,0,0
LoraWAN 2 gateways,0.9,12100,522,180,1000000,215,18474,556600,1155,0,18474,12623,7,-12622,0,0
LoraWAN 3 gateways,0.9,13919,543,180,1000000,215,18474,640274,1155,0,18474,14388,7,-14462,0,0
Multihop 1 gateways,1,15360,5071,180,1000000,215,21509,1585758,1155,360,0,20432,7,34,684,0.993389
LoraWAN 1 gateways,1,4944,262,180,1000000,215,19493,227424,1155,0,14287,5206,7,0,0,0
LoraWAN 2 gateways,1,12802,513,180,1000000,215,19493,588892,1155,0,19493,13317,7,-13315,0,0
LoraWAN 3 gateways,1,14653,595,180,1000000,215,19493,674038,1155,0,19493,15158,7,-15248,0,0
Multihop 1 gateways,0.1,3322,151,180,1000000,215,3514,375743,1155,9,0,3473,7,2,30,0.998849
LoraWAN 1 gateways,0.1,1019,10,180,1000000,215,3511,46874,1155,0,2482,1029,7,0,0,0
LoraWAN 2 gateways,0.1,1992,21,180,1000000,215,3511,91632,1155,0,3511,2013,7,-2013,0,0
LoraWAN 3 gateways,0.1,2723,15,180,1000000,215,3511,125258,1155,0,3511,2738,7,-2738,0,0
Multihop 1 gateways,0.2,6064,370,180,1000000,215,6562,690391,1155,28,0,6435,7,6,94,0.999457
LoraWAN 1 gateways,0.2,1958,38,180,1000000,215,6496,90068,1155,0,4500,1996,7,0,0,0
LoraWAN 2 gateways,0.2,3654,47,180,1000000,215,6496,168084,1155,0,6496,3702,7,-3701,0,0
LoraWAN 3 gateways,0.2,5019,51,180,1000000,215,6496,230874,1155,0,6496,5069,7,-5070,0,0
Multihop 1 gateways,0.3,8306,647,180,1000000,215,9164,941584,1155,57,0,8953,7,15,139,0.99971
LoraWAN 1 gateways,0.3,2522,65,180,1000000,215,8968,116012,1155,0,6381,2587,7,0,0,0
LoraWAN 2 gateways,0.3,5019,85,180,1000000,215,8968,230874,1155,0,8968,5104,7,-5104,0,0
LoraWAN 3 gateways,0.3,6877,98,180,1000000,215,8968,316342,1155,0,8968,6968,7,-6975,0,0
Multihop 1 gateways,0.4,9966,1133,180,1000000,215,11496,1104986,1155,102,0,11100,7,30,265,0.998559
LoraWAN 1 gateways,0.4,3196,112,180,1000000,215,11137,147016,1155,0,7829,3308,7,0,0,0
LoraWAN 2 gateways,0.4,6252,134,180,1000000,215,11137,287592,1155,0,11137,6386,7,-6386,0,0
LoraWAN 3 gateways,0.4,8501,165,180,1000000,215,11137,391046,1155,0,11137,8659,7,-8666,0,0
Multihop 1 gateways,0.5,11687,1404,180,1000000,215,13552,1303399,1155,120,0,13092,7,18,323,0.999463
LoraWAN 1 gateways,0.5,3659,143,180,1000000,215,12995,168314,1155,0,9193,3802,7,0,0,0
LoraWAN 2 gateways,0.5,7215,189,180,1000000,215,12995,331890,1155,0,12995,7404,7,-7404,0,0
LoraWAN 3 gateways,0.5,9902,207,180,1000000,215,12995,455492,1155,0,12995,10100,7,-10109,0,0
Multihop 1 gateways,0.6,12873,1933,180,1000000,215,15441,1427677,1155,177,0,14808,7,36,422,0.998939
LoraWAN 1 gateways,0.6,4107,203,180,1000000,215,14613,188922,1155,0,10303,4310,7,0,0,0
LoraWAN 2 gateways,0.6,8180,203,180,1000000,215,14613,376280,1155,0,14613,8383,7,-8383,0,0
LoraWAN 3 gateways,0.6,11067,294,180,1000000,215,14613,509082,1155,0,14613,11348,7,-11361,0,0
Multihop 1 gateways,0.7,13746,2653,180,1000000,215,17134,1509061,1155,204,0,16399,7,31,500,0.995493
LoraWAN 1 gateways,0.7,4525,182,180,1000000,215,16010,208150,1155,0,11303,4707,7,0,0,0
LoraWAN 2 gateways,0.7,8862,306,180,1000000,215,16010,407652,1155,0,16010,9168,7,-9168,0,0
LoraWAN 3 gateways,0.7,12077,337,180,1000000,215,16010,555542,1155,0,16010,12401,7,-12414,0,0
Multihop 1 gateways,0.8,14868,2941,180,1000000,215,18709,1629836,1155,224,0,17811,7,50,626,0.996994
LoraWAN 1 gateways,0.8,4853,231,180,1000000,215,17340,223238,1155,0,12256,5084,7,0,0,0
LoraWAN 2 gateways,0.8,9562,351,180,1000000,215,17340,439852,1155,0,17340,9913,7,-9913,0,0
LoraWAN 3 gateways,0.8,13115,399,180,1000000,215,17340,603290,1155,0,17340,13502,7,-13514,0,0
Multihop 1 gateways,0.9,15687,3479,180,1000000,215,20224,1725925,1155,250,0,19168,7,51,757,0.993084
LoraWAN 1 gateways,0.9,5116,355,180,1000000,215,18474,235336,1155,0,13002,5472,7,1,0,0
LoraWAN 2 gateways,0.9,10162,375,180,1000000,215,18474,467452,1155,0,18474,10538,7,-10537,0,0
LoraWAN 3 gateways,0.9,13881,474,180,1000000,215,18474,638526,1155,0,18474,14346,7,-14355,0,0
Multihop 1 gateways,1,16726,3617,180,1000000,215,21577,1818506,1155,297,0,20344,7,76,861,0.99584
LoraWAN 1 gateways,1,5447,303,180,1000000,215,19493,250562,1155,0,13743,5750,7,0,0,0
LoraWAN 2 gateways,1,10701,443,180,1000000,215,19493,492246,1155,0,19493,11146,7,-11144,0,0
LoraWAN 3 gateways,1,14699,444,180,1000000,215,19493,676154,1155,0,19493,15139,7,-15143,0,0
Multihop 1 gateways,0.1,3400,90,180,1000000,215,3514,373385,1155,14,0,3490,7,1,9,0.999837
LoraWAN 1 gateways,0.1,1005,14,180,1000000,215,3511,46230,1155,0,2492,1019,7,0,0,0
LoraWAN 2 gateways,0.1,2459,8,180,1000000,215,3511,113114,1155,0,3511,2467,7,-2467,0,0
LoraWAN 3 gateways,0.1,2846,9,180,1000000,215,3511,130916,1155,0,3511,2855,7,-2855,0,0
Multihop 1 gateways,0.2,6010,425,180,1000000,215,6552,641795,1155,39,0,6435,7,8,70,0.996656
LoraWAN 1 gateways,0.2,1899,24,180,1000000,215,6496,87354,1155,0,4573,1923,7,0,0,0
LoraWAN 2 gateways,0.2,4495,65,180,1000000,215,6496,206770,1155,0,6496,4561,7,-4560,0,0
LoraWAN 3 gateways,0.2,5281,68,180,1000000,215,6496,242926,1155,0,6496,5347,7,-5349,0,0
Multihop 1 gateways,0.3,8076,881,180,1000000,215,9147,855549,1155,59,0,8957,7,3,128,0.998277
LoraWAN 1 gateways,0.3,2451,85,180,1000000,215,8968,112746,1155,0,6432,2536,7,0,0,0
LoraWAN 2 gateways,0.3,6155,103,180,1000000,215,8968,283130,1155,0,8968,6258,7,-6258,0,0
LoraWAN 3 gateways,0.3,7232,100,180,1000000,215,8968,332672,1155,0,8968,7327,7,-7332,0,0
Multihop 1 gateways,0.4,10096,1053,180,1000000,215,11488,1066828,1155,93,0,11150,7,39,207,0.999098
LoraWAN 1 gateways,0.4,3146,99,180,1000000,215,11137,144716,1155,0,7892,3245,7,0,0,0
LoraWAN 2 gateways,0.4,7619,194,180,1000000,215,11137,350474,1155,0,11137,7813,7,-7813,0,0
LoraWAN 3 gateways,0.4,8898,192,180,1000000,215,11137,409308,1155,0,11137,9074,7,-9090,0,0
Multihop 1 gateways,0.5,11540,1538,180,1000000,215,13534,1218373,1155,147,0,13079,7,37,272,0.998999
LoraWAN 1 gateways,0.5,3587,157,180,1000000,215,12995,165002,1155,0,9251,3744,7,0,0,0
LoraWAN 2 gateways,0.5,8842,245,180,1000000,215,12995,406732,1155,0,12995,9087,7,-9087,0,0
LoraWAN 3 gateways,0.5,10407,257,180,1000000,215,12995,478722,1155,0,12995,10649,7,-10664,0,0
Multihop 1 gateways,0.6,12732,2030,180,1000000,215,15371,1343497,1155,169,0,14762,7,61,379,0.998528
LoraWAN 1 gateways,0.6,4088,144,180,1000000,215,14613,188048,1155,0,10381,4232,7,0,0,0
LoraWAN 2 gateways,0.6,9898,338,180,1000000,215,14613,455308,1155,0,14613,10236,7,-10236,0,0
LoraWAN 3 gateways,0.6,11623,298,180,1000000,215,14613,534658,1155,0,14613,11907,7,-11921,0,0
Multihop 1 gateways,0.7,13147,3169,180,1000000,215,17007,1368249,1155,201,0,16317,7,52,438,0.997929
LoraWAN 1 gateways,0.7,4390,170,180,1000000,215,16010,201940,1155,0,11450,4560,7,0,0,0
LoraWAN 2 gateways,0.7,10799,403,180,1000000,215,16010,496754,1155,0,16010,11202,7,-11202,0,0
LoraWAN 3 gateways,0.7,12645,434,180,1000000,215,16010,581670,1155,0,16010,13060,7,-13079,0,0
Multihop 1 gateways,0.8,15036,2716,180,1000000,215,18641,1559285,1155,280,0,17754,7,59,550,0.998086
LoraWAN 1 gateways,0.8,4679,237,180,1000000,215,17340,215234,1155,0,12424,4916,7,0,0,0
LoraWAN 2 gateways,0.8,11720,430,180,1000000,215,17340,539120,1155,0,17340,12150,7,-12150,0,0
LoraWAN 3 gateways,0.8,13681,486,180,1000000,215,17340,629326,1155,0,17340,14151,7,-14167,0,0
Multihop 1 gateways,0.9,15993,3145,180,1000000,215,20122,1651941,1155,273,0,19138,7,61,650,0.998279
LoraWAN 1 gateways,0.9,5088,282,180,1000000,215,18474,234048,1155,0,13104,5370,7,0,0,0
LoraWAN 2 gateways,0.9,12418,486,180,1000000,215,18474,571228,1155,0,18474,12905,7,-12904,0,0
LoraWAN 3 gateways,0.9,14561,515,180,1000000,215,18474,669806,1155,0,18474,15057,7,-15076,0,0
Multihop 1 gateways,1,16216,4161,180,1000000,215,21424,1682091,1155,283,0,20377,7,94,670,0.997337
LoraWAN 1 gateways,1,5334,289,180,1000000,215,19493,245364,1155,0,13870,5623,7,0,0,0
LoraWAN 2 gateways,1,13160,488,180,1000000,215,19493,605360,1155,0,19493,13650,7,-13648,0,0
LoraWAN 3 gateways,1,15401,519,180,1000000,215,19493,708446,1155,0,19493,15906,7,-15920,0,0
