case,rate,decoded,non_decoded,nodes_number,life_time,maximum_trans,gen_packets,delay,max_delay,interference_in_node,out_of_range_in_ge,in_range_in_ge,max_sf,time_out,drop_p_async,fairness,power_consumption
Multihop 1 gateways,0.1,665,36,199,200000,43,755,218.6,1155,13,0,702,7,2,39,0.995019,1.57833
LoraWAN 1 gateways,0.1,48,0,199,200000,43,756,9.2,1155,0,708,48,7,0,0,0,6.39216
LoraWAN 2 gateways,0.1,264,0,199,200000,43,756,40.8889,1155,0,756,264,7,-264,0,0,1.32954
LoraWAN 3 gateways,0.1,419,1,199,200000,43,756,40.8889,1155,0,756,420,7,-420,0,0,1.32954
Multihop 1 gateways,0.2,1206,57,199,200000,43,1443,218.6,1155,50,0,1263,7,5,125,0.993442,1.75952
LoraWAN 1 gateways,0.2,91,0,199,200000,43,1429,9.2,1155,0,1338,91,7,0,0,0,6.5966
LoraWAN 2 gateways,0.2,486,6,199,200000,43,1429,40.8889,1155,0,1429,492,7,-492,0,0,1.37681
LoraWAN 3 gateways,0.2,757,10,199,200000,43,1429,40.8889,1155,0,1429,767,7,-767,0,0,1.37681
Multihop 1 gateways,0.3,1604,70,199,200000,43,2055,218.6,1155,127,0,1674,7,13,241,0.970163,1.91601
LoraWAN 1 gateways,0.3,131,0,199,200000,43,2010,9.2,1155,0,1879,131,7,0,0,0,6.92593
LoraWAN 2 gateways,0.3,681,13,199,200000,43,2010,40.8889,1155,0,2010,694,7,-694,0,0,1.44155
LoraWAN 3 gateways,0.3,1079,11,199,200000,43,2010,40.8889,1155,0,2010,1091,7,-1090,0,0,1.44155
Multihop 1 gateways,0.4,1998,30,199,200000,43,2620,218.6,1155,134,0,2028,7,18,440,0.97414,2.04996
LoraWAN 1 gateways,0.4,152,0,199,200000,43,2522,9.2,1155,0,2370,152,7,0,0,0,7.07444
LoraWAN 2 gateways,0.4,872,11,199,200000,43,2522,40.8889,1155,0,2522,883,7,-883,0,0,1.47366
LoraWAN 3 gateways,0.4,1353,22,199,200000,43,2522,40.8889,1155,0,2522,1375,7,-1375,0,0,1.47366
Multihop 1 gateways,0.5,2199,179,199,200000,43,3127,218.6,1155,184,0,2379,7,25,540,0.959349,2.16557
LoraWAN 1 gateways,0.5,167,0,199,200000,43,2933,9.2,1155,0,2766,167,7,0,0,0,7.21689
LoraWAN 2 gateways,0.5,1032,19,199,200000,43,2933,40.8889,1155,0,2933,1053,7,-1051,0,0,1.50501
LoraWAN 3 gateways,0.5,1556,34,199,200000,43,2933,40.8889,1155,0,2933,1591,7,-1590,0,0,1.50501
Multihop 1 gateways,0.6,2173,426,199,200000,43,3560,218.6,1155,253,0,2599,7,28,680,0.964856,2.26241
LoraWAN 1 gateways,0.6,211,4,199,200000,43,3300,9.2,1155,0,3085,215,7,0,0,0,7.38264
LoraWAN 2 gateways,0.6,1132,26,199,200000,43,3300,40.8889,1155,0,3300,1158,7,-1158,0,0,1.54014
LoraWAN 3 gateways,0.6,1740,35,199,200000,43,3300,40.8889,1155,0,3300,1775,7,-1775,0,0,1.54014
Multihop 1 gateways,0.7,2498,315,199,200000,43,3954,218.6,1155,281,0,2813,7,32,828,0.919476,2.34805
LoraWAN 1 gateways,0.7,209,4,199,200000,43,3579,9.2,1155,0,3365,213,7,1,0,0,7.50918
LoraWAN 2 gateways,0.7,1237,32,199,200000,43,3579,40.8889,1155,0,3578,1269,7,-1268,0,0,1.56323
LoraWAN 3 gateways,0.7,1886,46,199,200000,43,3579,40.8889,1155,0,3578,1932,7,-1931,0,0,1.56323
Multihop 1 gateways,0.8,2565,505,199,200000,43,4377,218.6,1155,332,0,3071,7,25,950,0.959804,2.42332
LoraWAN 1 gateways,0.8,230,2,199,200000,43,3885,9.2,1155,0,3653,232,7,0,0,0,7.63167
LoraWAN 2 gateways,0.8,1322,38,199,200000,43,3885,40.8889,1155,0,3885,1360,7,-1360,0,0,1.58923
LoraWAN 3 gateways,0.8,2047,58,199,200000,43,3885,40.8889,1155,0,3885,2105,7,-2105,0,0,1.58923
Multihop 1 gateways,0.9,2722,467,199,200000,43,4716,218.6,1155,390,0,3189,7,33,1104,0.926006,2.48334
LoraWAN 1 gateways,0.9,245,0,199,200000,43,4145,9.2,1155,0,3900,245,7,0,0,0,7.75886
LoraWAN 2 gateways,0.9,1415,34,199,200000,43,4145,40.8889,1155,0,4145,1449,7,-1449,0,0,1.61396
LoraWAN 3 gateways,0.9,2172,56,199,200000,43,4145,40.8889,1155,0,4145,2228,7,-2228,0,0,1.61396
Multihop 1 gateways,1,2771,614,199,200000,43,5058,218.6,1155,442,0,3385,7,28,1203,0.918737,2.55447
LoraWAN 1 gateways,1,260,6,199,200000,43,4360,9.2,1155,0,4094,266,7,0,0,0,7.82263
LoraWAN 2 gateways,1,1500,46,199,200000,43,4360,40.8889,1155,0,4360,1546,7,-1546,0,0,1.62899
LoraWAN 3 gateways,1,2298,67,199,200000,43,4360,40.8889,1155,0,4360,2365,7,-2365,0,0,1.62899
Multihop 1 gateways,0.1,680,29,199,200000,43,756,218.6,1155,12,0,709,7,2,33,0.997084,1.56256
LoraWAN 1 gateways,0.1,48,0,199,200000,43,756,9.2,1155,0,708,48,7,0,0,0,2.87522
LoraWAN 2 gateways,0.1,300,5,199,200000,43,756,40.25,1155,0,756,305,7,-305,0,0,3.87671
LoraWAN 3 gateways,0.1,483,1,199,200000,43,756,41.4,1155,0,756,484,7,-484,0,0,1.40969
Multihop 1 gateways,0.2,1233,41,199,200000,43,1445,218.6,1155,47,0,1276,7,9,115,0.994225,1.74607
LoraWAN 1 gateways,0.2,96,0,199,200000,43,1429,9.2,1155,0,1333,96,7,0,0,0,2.98637
LoraWAN 2 gateways,0.2,547,3,199,200000,43,1429,40.25,1155,0,1429,551,7,-550,0,0,4.02565
LoraWAN 3 gateways,0.2,864,12,199,200000,43,1429,41.4,1155,0,1429,877,7,-876,0,0,1.46553
Multihop 1 gateways,0.3,1530,178,199,200000,43,2063,218.6,1155,92,0,1709,7,11,252,0.973547,1.9027
LoraWAN 1 gateways,0.3,129,0,199,200000,43,2010,9.2,1155,0,1881,129,7,0,0,0,3.07382
LoraWAN 2 gateways,0.3,783,6,199,200000,43,2010,40.25,1155,0,2010,790,7,-789,0,0,4.14271
LoraWAN 3 gateways,0.3,1261,18,199,200000,43,2010,41.4,1155,0,2010,1281,7,-1279,0,0,1.50965
Multihop 1 gateways,0.4,1907,167,199,200000,43,2635,218.6,1155,142,0,2076,7,19,400,0.983333,2.0445
LoraWAN 1 gateways,0.4,155,0,199,200000,43,2522,9.2,1155,0,2367,155,7,0,0,0,3.18566
LoraWAN 2 gateways,0.4,1003,10,199,200000,43,2522,40.25,1155,0,2522,1013,7,-1013,0,0,4.29401
LoraWAN 3 gateways,0.4,1583,25,199,200000,43,2522,41.4,1155,0,2522,1608,7,-1608,0,0,1.56376
Multihop 1 gateways,0.5,2149,285,199,200000,43,3148,218.6,1155,182,0,2434,7,29,503,0.955779,2.1564
LoraWAN 1 gateways,0.5,165,0,199,200000,43,2933,9.2,1155,0,2768,165,7,0,0,0,3.26698
LoraWAN 2 gateways,0.5,1142,15,199,200000,43,2933,40.25,1155,0,2933,1158,7,-1157,0,0,4.40466
LoraWAN 3 gateways,0.5,1829,46,199,200000,43,2933,41.4,1155,0,2933,1877,7,-1875,0,0,1.60217
Multihop 1 gateways,0.6,2436,211,199,200000,43,3592,218.6,1155,251,0,2648,7,14,680,0.971024,2.26468
LoraWAN 1 gateways,0.6,211,4,199,200000,43,3300,9.2,1155,0,3085,215,7,0,0,0,3.32519
LoraWAN 2 gateways,0.6,1277,36,199,200000,43,3300,40.25,1155,0,3300,1313,7,-1313,0,0,4.48183
LoraWAN 3 gateways,0.6,2063,50,199,200000,43,3300,41.4,1155,0,3300,2113,7,-2113,0,0,1.63261
Multihop 1 gateways,0.7,2647,248,199,200000,43,3997,218.6,1155,254,0,2896,7,41,807,0.949817,2.33597
LoraWAN 1 gateways,0.7,213,0,199,200000,43,3579,9.2,1155,0,3365,213,7,1,0,0,3.39507
LoraWAN 2 gateways,0.7,1433,35,199,200000,43,3579,40.25,1155,0,3578,1468,7,-1467,0,0,4.57855
LoraWAN 3 gateways,0.7,2272,57,199,200000,43,3579,41.4,1155,0,3578,2329,7,-2328,0,0,1.66323
Multihop 1 gateways,0.8,2470,624,199,200000,43,4400,218.6,1155,314,0,3094,7,22,970,0.914342,2.41404
LoraWAN 1 gateways,0.8,230,4,199,200000,43,3885,9.2,1155,0,3651,234,7,0,0,0,3.45039
LoraWAN 2 gateways,0.8,1567,33,199,200000,43,3885,40.25,1155,0,3885,1600,7,-1600,0,0,4.65254
LoraWAN 3 gateways,0.8,2438,75,199,200000,43,3885,41.4,1155,0,3885,2514,7,-2513,0,0,1.69124
Multihop 1 gateways,0.9,2977,284,199,200000,43,4770,218.6,1155,411,0,3263,7,28,1070,0.944932,2.48445
LoraWAN 1 gateways,0.9,243,2,199,200000,43,4145,9.2,1155,0,3900,245,7,0,0,0,3.49358
LoraWAN 2 gateways,0.9,1649,46,199,200000,43,4145,40.25,1155,0,4145,1695,7,-1695,0,0,4.71043
LoraWAN 3 gateways,0.9,2593,77,199,200000,43,4145,41.4,1155,0,4145,2670,7,-2670,0,0,1.71292
Multihop 1 gateways,1,2930,488,199,200000,43,5126,218.6,1155,422,0,3419,7,53,1233,0.925512,2.54913
LoraWAN 1 gateways,1,260,4,199,200000,43,4360,9.2,1155,0,4096,264,7,0,0,0,3.52395
LoraWAN 2 gateways,1,1685,66,199,200000,43,4360,40.25,1155,0,4360,1751,7,-1751,0,0,4.75106
LoraWAN 3 gateways,1,2724,82,199,200000,43,4360,41.4,1155,0,4360,2806,7,-2806,0,0,1.72827
Multihop 1 gateways,0.1,683,34,199,200000,43,756,218.6,1155,7,0,717,7,1,31,0.987542,1.99693
LoraWAN 1 gateways,0.1,45,0,199,200000,43,756,9.2,1155,0,711,45,7,0,0,0,6.86239
LoraWAN 2 gateways,0.1,283,2,199,200000,43,756,40.8889,1155,0,756,285,7,-285,0,0,1.75086
LoraWAN 3 gateways,0.1,476,2,199,200000,43,756,40.8889,1155,0,756,478,7,-478,0,0,1.75086
Multihop 1 gateways,0.2,1200,67,199,200000,43,1443,218.6,1155,44,0,1267,7,3,129,0.991937,2.19112
LoraWAN 1 gateways,0.2,89,0,199,200000,43,1429,9.2,1155,0,1340,89,7,0,0,0,7.11923
LoraWAN 2 gateways,0.2,470,7,199,200000,43,1429,40.8889,1155,0,1429,477,7,-477,0,0,1.81864
LoraWAN 3 gateways,0.2,865,12,199,200000,43,1429,40.8889,1155,0,1429,877,7,-877,0,0,1.81864
Multihop 1 gateways,0.3,1506,208,199,200000,43,2053,218.6,1155,98,0,1714,7,13,228,0.980871,2.3611
LoraWAN 1 gateways,0.3,119,0,199,200000,43,2010,9.2,1155,0,1891,119,7,0,0,0,7.37324
LoraWAN 2 gateways,0.3,677,25,199,200000,43,2010,40.8889,1155,0,2010,703,7,-702,0,0,1.88368
LoraWAN 3 gateways,0.3,1247,12,199,200000,43,2010,40.8889,1155,0,2010,1260,7,-1259,0,0,1.88368
Multihop 1 gateways,0.4,1986,74,199,200000,43,2621,218.6,1155,163,0,2060,7,20,378,0.984897,2.52001
LoraWAN 1 gateways,0.4,144,2,199,200000,43,2522,9.2,1155,0,2376,146,7,0,0,0,7.60731
LoraWAN 2 gateways,0.4,868,20,199,200000,43,2522,40.8889,1155,0,2522,888,7,-888,0,0,1.94163
LoraWAN 3 gateways,0.4,1537,37,199,200000,43,2522,40.8889,1155,0,2522,1574,7,-1574,0,0,1.94163
Multihop 1 gateways,0.5,2265,159,199,200000,43,3133,218.6,1155,172,0,2425,7,12,525,0.950288,2.63845
LoraWAN 1 gateways,0.5,145,0,199,200000,43,2933,9.2,1155,0,2788,145,7,0,0,0,7.78702
LoraWAN 2 gateways,0.5,958,21,199,200000,43,2933,40.8889,1155,0,2933,979,7,-979,0,0,1.98658
LoraWAN 3 gateways,0.5,1772,24,199,200000,43,2933,40.8889,1155,0,2933,1797,7,-1796,0,0,1.98658
Multihop 1 gateways,0.6,2469,177,199,200000,43,3569,218.6,1155,259,0,2647,7,33,631,0.946683,2.74728
LoraWAN 1 gateways,0.6,197,0,199,200000,43,3300,9.2,1155,0,3103,197,7,0,0,0,7.94958
LoraWAN 2 gateways,0.6,1139,23,199,200000,43,3300,40.8889,1155,0,3300,1162,7,-1162,0,0,2.03057
LoraWAN 3 gateways,0.6,1981,59,199,200000,43,3300,40.8889,1155,0,3300,2040,7,-2040,0,0,2.03057
Multihop 1 gateways,0.7,2355,490,199,200000,43,3978,218.6,1155,321,0,2846,7,14,798,0.951967,2.82695
LoraWAN 1 gateways,0.7,192,2,199,200000,43,3579,9.2,1155,0,3384,194,7,1,0,0,8.06045
LoraWAN 2 gateways,0.7,1228,24,199,200000,43,3579,40.8889,1155,0,3578,1252,7,-1251,0,0,2.05669
LoraWAN 3 gateways,0.7,2149,51,199,200000,43,3579,40.8889,1155,0,3578,2200,7,-2199,0,0,2.05669
Multihop 1 gateways,0.8,2854,213,199,200000,43,4360,218.6,1155,381,0,3067,7,24,888,0.94931,2.92769
LoraWAN 1 gateways,0.8,211,2,199,200000,43,3885,9.2,1155,0,3672,213,7,0,0,0,8.1706
LoraWAN 2 gateways,0.8,1317,35,199,200000,43,3885,40.8889,1155,0,3885,1353,7,-1352,0,0,2.08581
LoraWAN 3 gateways,0.8,2351,56,199,200000,43,3885,40.8889,1155,0,3885,2409,7,-2407,0,0,2.08581
Multihop 1 gateways,0.9,2731,522,199,200000,43,4736,218.6,1155,460,0,3253,7,23,1000,0.933565,2.99643
LoraWAN 1 gateways,0.9,228,0,199,200000,43,4145,9.2,1155,0,3917,228,7,0,0,0,8.30121
LoraWAN 2 gateways,0.9,1388,28,199,200000,43,4145,40.8889,1155,0,4145,1416,7,-1416,0,0,2.11863
LoraWAN 3 gateways,0.9,2485,75,199,200000,43,4145,40.8889,1155,0,4145,2560,7,-2560,0,0,2.11863
Multihop 1 gateways,1,3103,306,199,200000,43,5049,218.6,1155,511,0,3409,7,16,1113,0.935478,3.05759
LoraWAN 1 gateways,1,245,0,199,200000,43,4360,9.2,1155,0,4115,245,7,0,0,0,8.39454
LoraWAN 2 gateways,1,1473,44,199,200000,43,4360,40.8889,1155,0,4360,1517,7,-1517,0,0,2.14304
LoraWAN 3 gateways,1,2633,60,199,200000,43,4360,40.8889,1155,0,4360,2693,7,-2693,0,0,2.14304
Multihop 1 gateways,0.1,686,14,199,200000,43,756,218.6,1155,19,0,700,7,1,36,0.998077,1.80938
LoraWAN 1 gateways,0.1,54,0,199,200000,43,756,9.2,1155,0,702,54,7,0,0,0,6.37728
LoraWAN 2 gateways,0.1,284,0,199,200000,43,756,40.25,1155,0,756,284,7,-284,0,0,7.62173
LoraWAN 3 gateways,0.1,425,3,199,200000,43,756,41.4,1155,0,756,428,7,-428,0,0,1.65561
Multihop 1 gateways,0.2,1147,108,199,200000,43,1441,218.6,1155,58,0,1256,7,0,128,0.994943,2.01844
LoraWAN 1 gateways,0.2,104,0,199,200000,43,1429,9.2,1155,0,1325,104,7,0,0,0,6.6265
LoraWAN 2 gateways,0.2,558,1,199,200000,43,1429,40.25,1155,0,1429,559,7,-559,0,0,7.91923
LoraWAN 3 gateways,0.2,818,10,199,200000,43,1429,41.4,1155,0,1429,828,7,-828,0,0,1.72163
Multihop 1 gateways,0.3,1589,109,199,200000,43,2050,218.6,1155,96,0,1698,7,4,252,0.969579,2.17882
LoraWAN 1 gateways,0.3,132,2,199,200000,43,2010,9.2,1155,0,1876,134,7,0,0,0,6.86977
LoraWAN 2 gateways,0.3,760,7,199,200000,43,2010,40.25,1155,0,2010,768,7,-767,0,0,8.21027
LoraWAN 3 gateways,0.3,1150,13,199,200000,43,2010,41.4,1155,0,2010,1165,7,-1163,0,0,1.78366
Multihop 1 gateways,0.4,1939,192,199,200000,43,2642,218.6,1155,135,0,2131,7,9,367,0.989726,2.32895
LoraWAN 1 gateways,0.4,166,0,199,200000,43,2522,9.2,1155,0,2356,166,7,0,0,0,7.09709
LoraWAN 2 gateways,0.4,978,9,199,200000,43,2522,40.25,1155,0,2522,987,7,-987,0,0,8.48222
LoraWAN 3 gateways,0.4,1464,29,199,200000,43,2522,41.4,1155,0,2522,1493,7,-1493,0,0,1.84163
Multihop 1 gateways,0.5,2137,250,199,200000,43,3127,218.6,1155,231,0,2389,7,12,497,0.957081,2.44632
LoraWAN 1 gateways,0.5,185,0,199,200000,43,2933,9.2,1155,0,2748,185,7,0,0,0,7.24493
LoraWAN 2 gateways,0.5,1077,30,199,200000,43,2933,40.25,1155,0,2933,1107,7,-1107,0,0,8.65842
LoraWAN 3 gateways,0.5,1658,39,199,200000,43,2933,41.4,1155,0,2933,1698,7,-1697,0,0,1.88188
Multihop 1 gateways,0.6,2369,289,199,200000,43,3589,218.6,1155,267,0,2659,7,10,654,0.964236,2.55671
LoraWAN 1 gateways,0.6,225,4,199,200000,43,3300,9.2,1155,0,3071,229,7,0,0,0,7.39165
LoraWAN 2 gateways,0.6,1235,19,199,200000,43,3300,40.25,1155,0,3300,1254,7,-1254,0,0,8.83389
LoraWAN 3 gateways,0.6,1871,42,199,200000,43,3300,41.4,1155,0,3300,1913,7,-1913,0,0,1.91952
Multihop 1 gateways,0.7,2640,245,199,200000,43,3956,218.6,1155,349,0,2886,7,-1,723,0.918863,2.64808
LoraWAN 1 gateways,0.7,230,0,199,200000,43,3579,9.2,1155,0,3348,230,7,1,0,0,7.52346
LoraWAN 2 gateways,0.7,1348,30,199,200000,43,3579,40.25,1155,0,3578,1378,7,-1377,0,0,8.99168
LoraWAN 3 gateways,0.7,2053,42,199,200000,43,3579,41.4,1155,0,3578,2095,7,-2094,0,0,1.95275
Multihop 1 gateways,0.8,2833,239,199,200000,43,4386,218.6,1155,386,0,3072,7,24,904,0.958422,2.73772
LoraWAN 1 gateways,0.8,252,2,199,200000,43,3885,9.2,1155,0,3631,254,7,0,0,0,7.64272
LoraWAN 2 gateways,0.8,1475,26,199,200000,43,3885,40.25,1155,0,3885,1501,7,-1501,0,0,9.13423
LoraWAN 3 gateways,0.8,2199,53,199,200000,43,3885,41.4,1155,0,3885,2253,7,-2252,0,0,1.98367
Multihop 1 gateways,0.9,2658,615,199,200000,43,4747,218.6,1155,398,0,3275,7,9,1067,0.93026,2.80903
LoraWAN 1 gateways,0.9,257,4,199,200000,43,4145,9.2,1155,0,3884,261,7,0,0,0,7.74391
LoraWAN 2 gateways,0.9,1556,33,199,200000,43,4145,40.25,1155,0,4145,1589,7,-1589,0,0,9.25527
LoraWAN 3 gateways,0.9,2298,72,199,200000,43,4145,41.4,1155,0,4145,2370,7,-2370,0,0,2.00953
Multihop 1 gateways,1,2937,457,199,200000,43,5099,218.6,1155,485,0,3395,7,13,1207,0.934115,2.87149
LoraWAN 1 gateways,1,282,0,199,200000,43,4360,9.2,1155,0,4078,282,7,0,0,0,7.80883
LoraWAN 2 gateways,1,1628,35,199,200000,43,4360,40.25,1155,0,4360,1663,7,-1663,0,0,9.33269
LoraWAN 3 gateways,1,2433,70,199,200000,43,4360,41.4,1155,0,4360,2503,7,-2503,0,0,2.02702
Multihop 1 gateways,0.1,677,20,199,200000,43,755,218.6,1155,20,0,697,7,0,38,0.986364,1.54757
LoraWAN 1 gateways,0.1,42,0,199,200000,43,756,9.2,1155,0,714,42,7,0,0,0,5.93888
LoraWAN 2 gateways,0.1,308,4,199,200000,43,756,40.8889,1155,0,756,312,7,-312,0,0,1.29784
LoraWAN 3 gateways,0.1,394,2,199,200000,43,756,40.25,1155,0,756,396,7,-396,0,0,6.89893
Multihop 1 gateways,0.2,1192,77,199,200000,43,1443,218.6,1155,43,0,1270,7,5,126,0.992396,1.72862
LoraWAN 1 gateways,0.2,87,2,199,200000,43,1429,9.2,1155,0,1340,89,7,0,0,0,6.15883
LoraWAN 2 gateways,0.2,596,6,199,200000,43,1429,40.8889,1155,0,1429,603,7,-602,0,0,1.34913
LoraWAN 3 gateways,0.2,781,5,199,200000,43,1429,40.25,1155,0,1429,787,7,-786,0,0,7.15377
Multihop 1 gateways,0.3,1487,153,199,200000,43,2050,218.6,1155,138,0,1640,7,10,262,0.960049,1.8817
LoraWAN 1 gateways,0.3,120,0,199,200000,43,2010,9.2,1155,0,1890,120,7,0,0,0,6.37759
LoraWAN 2 gateways,0.3,809,11,199,200000,43,2010,40.8889,1155,0,2010,821,7,-820,0,0,1.39648
LoraWAN 3 gateways,0.3,1040,3,199,200000,43,2010,40.25,1155,0,2010,1044,7,-1043,0,0,7.40798
Multihop 1 gateways,0.4,1960,110,199,200000,43,2635,218.6,1155,169,0,2072,7,11,385,0.972776,2.02869
LoraWAN 1 gateways,0.4,142,4,199,200000,43,2522,9.2,1155,0,2376,146,7,0,0,0,6.57245
LoraWAN 2 gateways,0.4,1017,17,199,200000,43,2522,40.8889,1155,0,2522,1034,7,-1034,0,0,1.43885
LoraWAN 3 gateways,0.4,1332,19,199,200000,43,2522,40.25,1155,0,2522,1351,7,-1351,0,0,7.63438
Multihop 1 gateways,0.5,2070,300,199,200000,43,3137,218.6,1155,205,0,2371,7,10,552,0.971313,2.1489
LoraWAN 1 gateways,0.5,150,0,199,200000,43,2933,9.2,1155,0,2783,150,7,0,0,0,6.71899
LoraWAN 2 gateways,0.5,1173,18,199,200000,43,2933,40.8889,1155,0,2933,1191,7,-1191,0,0,1.46967
LoraWAN 3 gateways,0.5,1539,41,199,200000,43,2933,40.25,1155,0,2933,1581,7,-1580,0,0,7.80486
Multihop 1 gateways,0.6,2107,496,199,200000,43,3580,218.6,1155,325,0,2604,7,19,633,0.948345,2.23754
LoraWAN 1 gateways,0.6,194,4,199,200000,43,3300,9.2,1155,0,3102,198,7,0,0,0,6.85999
LoraWAN 2 gateways,0.6,1333,34,199,200000,43,3300,40.8889,1155,0,3300,1367,7,-1367,0,0,1.50385
LoraWAN 3 gateways,0.6,1741,31,199,200000,43,3300,40.25,1155,0,3300,1772,7,-1772,0,0,7.96796
Multihop 1 gateways,0.7,2497,337,199,200000,43,3965,218.6,1155,350,0,2834,7,16,765,0.944804,2.31602
LoraWAN 1 gateways,0.7,191,2,199,200000,43,3579,9.2,1155,0,3385,193,7,1,0,0,6.98084
LoraWAN 2 gateways,0.7,1441,31,199,200000,43,3579,40.8889,1155,0,3578,1472,7,-1471,0,0,1.52678
LoraWAN 3 gateways,0.7,1846,43,199,200000,43,3579,40.25,1155,0,3578,1889,7,-1888,0,0,8.10906
Multihop 1 gateways,0.8,2748,338,199,200000,43,4391,218.6,1155,332,0,3086,7,9,964,0.959727,2.40706
LoraWAN 1 gateways,0.8,214,0,199,200000,43,3885,9.2,1155,0,3671,214,7,0,0,0,7.0918
LoraWAN 2 gateways,0.8,1574,46,199,200000,43,3885,40.8889,1155,0,3885,1621,7,-1620,0,0,1.55047
LoraWAN 3 gateways,0.8,2035,33,199,200000,43,3885,40.25,1155,0,3885,2068,7,-2068,0,0,8.23808
Multihop 1 gateways,0.9,2795,374,199,200000,43,4750,218.6,1155,445,0,3169,7,7,1129,0.913045,2.45375
LoraWAN 1 gateways,0.9,228,4,199,200000,43,4145,9.2,1155,0,3913,232,7,0,0,0,7.21492
LoraWAN 2 gateways,0.9,1660,44,199,200000,43,4145,40.8889,1155,0,4145,1704,7,-1704,0,0,1.57689
LoraWAN 3 gateways,0.9,2137,46,199,200000,43,4145,40.25,1155,0,4145,2183,7,-2183,0,0,8.3812
Multihop 1 gateways,1,2999,357,199,200000,43,5089,218.6,1155,499,0,3356,7,27,1207,0.923723,2.51994
LoraWAN 1 gateways,1,239,4,199,200000,43,4360,9.2,1155,0,4117,243,7,0,0,0,7.27741
LoraWAN 2 gateways,1,1757,34,199,200000,43,4360,40.8889,1155,0,4360,1791,7,-1791,0,0,1.59092
LoraWAN 3 gateways,1,2234,62,199,200000,43,4360,40.25,1155,0,4360,2296,7,-2296,0,0,8.45372
