case,rate,decoded,non_decoded,nodes_number,life_time,maximum_trans,gen_packets,delay,max_delay,interference_in_node,out_of_range_in_ge,in_range_in_ge,max_sf,time_out,drop_p_async,fairness,power_consumption
Multihop 1 gateways,0.5,1379,13,19,1000000,215,1395,49.6667,1155,0,0,1392,9,0,3,0.999904,4.31181
LoraWAN 1 gateways,0.5,1245,13,19,1000000,215,1258,46,1155,0,0,1258,9,0,0,0,3.72601
Multihop 1 gateways,0.5,1379,8,19,1000000,215,1401,49.6667,1155,2,0,1387,9,0,12,0.99993,4.61567
LoraWAN 1 gateways,0.5,1191,15,19,1000000,215,1206,46,1155,0,0,1206,9,0,0,0,3.72338
Multihop 1 gateways,0.5,1381,6,19,1000000,215,1392,23,1155,0,0,1387,8,0,5,0.999982,5.96593
LoraWAN 1 gateways,0.5,1249,2,19,1000000,215,1252,23,1155,0,0,1252,8,1,0,0,5.60506
Multihop 1 gateways,0.5,1382,22,19,1000000,215,1419,74.75,1155,4,0,1404,10,0,11,0.999584,18.4003
LoraWAN 1 gateways,0.5,1142,10,19,1000000,215,1152,75.5,1155,0,0,1152,10,0,0,0,3.62671
Multihop 1 gateways,0.5,1381,18,19,1000000,215,1405,49.6667,1155,0,0,1400,9,1,5,0.999995,4.3942
LoraWAN 1 gateways,0.5,1183,8,19,1000000,215,1191,46,1155,0,0,1191,9,0,0,0,3.72071
Multihop 1 gateways,0.5,1382,14,19,1000000,215,1400,49.6667,1155,0,0,1397,9,1,3,0.999529,4.24539
LoraWAN 1 gateways,0.5,1233,10,19,1000000,215,1243,46,1155,0,0,1243,9,0,0,0,3.7318
Multihop 1 gateways,0.5,1387,17,19,1000000,215,1408,49.6667,1155,0,0,1404,9,0,4,0.999995,4.37939
LoraWAN 1 gateways,0.5,1213,12,19,1000000,215,1226,46,1155,0,0,1226,9,1,0,0,3.72328
Multihop 1 gateways,0.5,1380,8,19,1000000,215,1395,49.6667,1155,2,0,1388,9,0,5,0.999711,4.40242
LoraWAN 1 gateways,0.5,1239,4,19,1000000,215,1243,46,1155,0,0,1243,9,0,0,0,3.73048
Multihop 1 gateways,0.5,1396,10,19,1000000,215,1410,49.6667,1155,0,0,1406,9,0,4,0.999975,4.44574
LoraWAN 1 gateways,0.5,1197,5,19,1000000,215,1202,46,1155,0,0,1202,9,0,0,0,3.73791
Multihop 1 gateways,0.5,1367,30,19,1000000,215,1402,49.6667,1155,2,0,1397,9,0,3,0.999758,4.41507
LoraWAN 1 gateways,0.5,1226,16,19,1000000,215,1242,46,1155,0,0,1242,9,0,0,0,3.72981
Multihop 1 gateways,0.5,2825,38,39,1000000,215,2995,99.2,1155,26,0,2863,10,17,89,0.993883,25.2541
LoraWAN 1 gateways,0.5,2068,15,39,1000000,215,2083,126.2,1155,0,0,2083,10,0,0,0,3.44981
Multihop 1 gateways,0.5,2902,56,39,1000000,215,3013,123.333,1155,6,0,2958,10,2,47,0.998923,4.16127
LoraWAN 1 gateways,0.5,2160,20,39,1000000,215,2180,125.652,1155,0,0,2180,10,0,0,0,3.60576
Multihop 1 gateways,0.5,2876,16,39,1000000,215,3000,123.333,1155,22,0,2893,11,7,79,0.999211,4.02773
LoraWAN 1 gateways,0.5,2082,7,39,1000000,215,2089,126.159,1155,0,0,2089,11,0,0,0,4.51779
Multihop 1 gateways,0.5,2877,56,39,1000000,215,3004,123.333,1155,22,0,2933,11,-1,50,0.999789,4.24216
LoraWAN 1 gateways,0.5,2093,10,39,1000000,215,2103,132.5,1155,0,0,2103,11,0,0,0,5.43171
Multihop 1 gateways,0.5,2812,89,39,1000000,215,2980,74.75,1155,39,0,2901,9,-1,41,0.999409,12.9137
LoraWAN 1 gateways,0.5,2177,16,39,1000000,215,2193,75.5,1155,0,0,2193,9,0,0,0,3.71542
Multihop 1 gateways,0.5,2837,40,39,1000000,215,2990,123.333,1155,44,0,2878,11,2,67,0.998954,4.44483
LoraWAN 1 gateways,0.5,2043,18,39,1000000,215,2061,161.495,1155,0,0,2061,11,0,0,0,4.95606
Multihop 1 gateways,0.5,2864,68,39,1000000,215,2983,99.2,1155,10,0,2932,10,1,40,0.99974,24.1197
LoraWAN 1 gateways,0.5,2173,21,39,1000000,215,2195,93.2,1155,0,0,2195,10,1,0,0,2.97669
Multihop 1 gateways,0.5,2905,28,39,1000000,215,2995,123.333,1155,14,0,2933,11,0,48,0.999453,4.20821
LoraWAN 1 gateways,0.5,2150,15,39,1000000,215,2165,125.833,1155,0,0,2165,11,0,0,0,5.15811
Multihop 1 gateways,0.5,2724,193,39,1000000,215,2977,74.75,1155,22,0,2917,10,1,37,0.999866,18.1237
LoraWAN 1 gateways,0.5,2159,11,39,1000000,215,2170,66.6133,1155,0,0,2170,10,0,0,0,2.93646
Multihop 1 gateways,0.5,2837,94,39,1000000,215,2998,99.2,1155,16,0,2931,10,0,51,0.999742,24.2968
LoraWAN 1 gateways,0.5,2168,17,39,1000000,215,2185,84.8545,1155,0,0,2185,10,0,0,0,3.00043
Multihop 1 gateways,0.5,4206,157,59,1000000,215,4533,99.2,1155,28,0,4363,11,7,135,0.999386,11.5929
LoraWAN 1 gateways,0.5,2843,25,59,1000000,215,2868,98.0801,1155,0,0,2868,11,0,0,0,4.41002
Multihop 1 gateways,0.5,4112,189,59,1000000,215,4513,99.2,1155,91,0,4301,10,1,120,0.995151,18.942
LoraWAN 1 gateways,0.5,3014,30,59,1000000,215,3044,121.06,1155,0,0,3044,10,0,0,0,3.44909
Multihop 1 gateways,0.5,4116,206,59,1000000,215,4535,123.333,1155,46,0,4322,10,3,164,0.998948,4.33916
LoraWAN 1 gateways,0.5,2827,16,59,1000000,215,2843,138.732,1155,0,0,2843,10,0,0,0,4.43801
Multihop 1 gateways,0.5,4137,180,59,1000000,215,4506,123.333,1155,53,0,4317,11,8,128,0.997455,3.82993
LoraWAN 1 gateways,0.5,2935,22,59,1000000,215,2957,213.071,1155,0,0,2957,11,0,0,0,4.5986
Multihop 1 gateways,0.5,3980,276,59,1000000,215,4520,123.333,1155,68,0,4256,11,7,189,0.998727,4.45934
LoraWAN 1 gateways,0.5,2830,12,59,1000000,215,2843,147.61,1155,0,0,2843,11,1,0,0,4.42416
Multihop 1 gateways,0.5,4179,208,59,1000000,215,4535,99.2,1155,43,0,4387,10,1,104,0.999557,11.8284
LoraWAN 1 gateways,0.5,2862,16,59,1000000,215,2879,90.9846,1155,0,0,2879,10,1,0,0,3.44996
Multihop 1 gateways,0.5,4208,144,59,1000000,215,4481,99.2,1155,41,0,4352,10,8,80,0.999839,35.9449
LoraWAN 1 gateways,0.5,3143,44,59,1000000,215,3188,93.2,1155,0,0,3188,10,1,0,0,2.9728
Multihop 1 gateways,0.5,4117,216,59,1000000,215,4532,99.2,1155,78,0,4333,10,1,120,0.999271,12.5311
LoraWAN 1 gateways,0.5,2903,35,59,1000000,215,2938,96.4481,1155,0,0,2938,10,0,0,0,3.77138
Multihop 1 gateways,0.5,4127,220,59,1000000,215,4505,147.286,1155,34,0,4347,11,7,117,0.992645,42.6147
LoraWAN 1 gateways,0.5,2972,23,59,1000000,215,2995,231.977,1155,0,0,2995,11,0,0,0,4.76744
Multihop 1 gateways,0.5,4245,116,59,1000000,215,4508,99.2,1155,45,0,4362,10,10,92,0.999571,19.0155
LoraWAN 1 gateways,0.5,2998,23,59,1000000,215,3021,126.2,1155,0,0,3021,10,0,0,0,3.61251
Multihop 1 gateways,0.5,5487,206,79,1000000,215,6075,123.333,1155,109,0,5694,11,16,257,0.997833,4.78844
LoraWAN 1 gateways,0.5,3606,36,79,1000000,215,3642,140.733,1155,0,0,3642,11,0,0,0,4.36832
Multihop 1 gateways,0.5,5447,274,79,1000000,215,6060,123.333,1155,89,0,5721,11,19,231,0.998982,4.78681
LoraWAN 1 gateways,0.5,3696,26,79,1000000,215,3723,132.447,1155,0,0,3723,11,1,0,0,4.18579
Multihop 1 gateways,0.5,5543,351,79,1000000,215,6035,122.987,1155,89,0,5748,11,-140,192,0.999221,4.20044
LoraWAN 1 gateways,0.5,3904,38,79,1000000,215,3943,158.275,1155,0,0,3943,11,1,0,0,4.32061
Multihop 1 gateways,0.5,5415,206,79,1000000,215,6083,147.286,1155,177,0,5621,11,8,277,0.996969,31.3244
LoraWAN 1 gateways,0.5,3454,31,79,1000000,215,3486,216.506,1155,0,0,3486,11,1,0,0,4.40036
Multihop 1 gateways,0.5,5359,222,79,1000000,215,6122,171.125,1155,138,0,5582,12,29,374,0.991991,30.4344
LoraWAN 1 gateways,0.5,3421,30,79,1000000,215,3451,236.022,1155,0,0,3451,12,0,0,0,3.50357
Multihop 1 gateways,0.5,5555,160,79,1000000,215,6099,123.333,1155,93,0,5715,11,16,275,0.998436,5.00664
LoraWAN 1 gateways,0.5,3500,19,79,1000000,215,3519,198.431,1155,0,0,3519,11,0,0,0,4.46769
Multihop 1 gateways,0.5,5508,178,79,1000000,215,6111,147.286,1155,118,0,5686,11,5,302,0.998833,13.9084
LoraWAN 1 gateways,0.5,3387,24,79,1000000,215,3412,165.016,1155,0,0,3412,11,1,0,0,4.90018
Multihop 1 gateways,0.5,5478,279,79,1000000,215,6066,123.333,1155,100,0,5758,11,8,201,0.998836,4.52961
LoraWAN 1 gateways,0.5,3591,23,79,1000000,215,3614,138.119,1155,0,0,3614,11,0,0,0,4.32026
Multihop 1 gateways,0.5,5396,291,79,1000000,215,6069,123.333,1155,131,0,5687,11,2,249,0.998494,4.70485
LoraWAN 1 gateways,0.5,3530,20,79,1000000,215,3551,161.063,1155,0,0,3551,11,1,0,0,4.63122
Multihop 1 gateways,0.5,5264,331,79,1000000,215,6079,147.286,1155,156,0,5595,11,6,322,0.995807,13.736
LoraWAN 1 gateways,0.5,3618,32,79,1000000,215,3650,179.533,1155,0,0,3650,11,0,0,0,4.89493
Multihop 1 gateways,0.5,6808,305,100,1000000,215,7687,170.754,1155,177,0,6956,12,-134,531,0.991344,35.0629
LoraWAN 1 gateways,0.5,4163,20,100,1000000,215,4184,245.003,1155,0,0,4184,12,1,0,0,3.73163
Multihop 1 gateways,0.5,6545,465,100,1000000,215,7681,147.286,1155,161,0,7011,11,22,488,0.99389,10.4101
LoraWAN 1 gateways,0.5,4433,26,100,1000000,215,4459,207.107,1155,0,0,4459,11,0,0,0,4.75268
Multihop 1 gateways,0.5,6723,257,100,1000000,215,7710,171.125,1155,187,0,6980,12,26,517,0.992895,39.898
LoraWAN 1 gateways,0.5,4006,19,100,1000000,215,4027,336.984,1155,0,0,4027,12,2,0,0,3.93415
Multihop 1 gateways,0.5,6209,740,100,1000000,215,7710,171.125,1155,172,0,6951,12,28,561,0.990087,32.9603
LoraWAN 1 gateways,0.5,4012,10,100,1000000,215,4023,263.782,1155,0,0,4023,12,1,0,0,3.84985
Multihop 1 gateways,0.5,6605,421,100,1000000,215,7682,147.286,1155,225,0,7026,11,13,418,0.995415,13.9081
LoraWAN 1 gateways,0.5,4212,29,100,1000000,215,4242,225.098,1155,0,0,4242,11,1,0,0,4.93804
Multihop 1 gateways,0.5,6682,285,100,1000000,215,7667,147.286,1155,219,0,6967,11,20,461,0.995995,21.7005
LoraWAN 1 gateways,0.5,4243,17,100,1000000,215,4261,215.553,1155,0,0,4261,11,1,0,0,4.52364
Multihop 1 gateways,0.5,5989,876,100,1000000,215,7674,147.286,1155,251,0,6865,11,27,531,0.990566,12.3681
LoraWAN 1 gateways,0.5,4209,37,100,1000000,215,4246,213.853,1155,0,0,4246,11,0,0,0,4.92715
Multihop 1 gateways,0.5,6638,246,100,1000000,215,7699,123.333,1155,256,0,6885,11,6,553,0.99489,5.63646
LoraWAN 1 gateways,0.5,4079,20,100,1000000,215,4099,160.08,1155,0,0,4099,11,0,0,0,4.7491
Multihop 1 gateways,0.5,5922,1075,100,1000000,215,7676,171.125,1155,196,0,6997,12,19,464,0.990181,56.0411
LoraWAN 1 gateways,0.5,4194,28,100,1000000,215,4222,270.159,1155,0,0,4222,12,0,0,0,3.61149
Multihop 1 gateways,0.5,6600,281,100,1000000,215,7706,171.125,1155,176,0,6882,12,41,608,0.994007,24.6148
LoraWAN 1 gateways,0.5,3914,26,100,1000000,215,3940,279.17,1155,0,0,3940,12,0,0,0,3.72135
Multihop 1 gateways,0.5,7695,353,118,1000000,215,9075,171.125,1155,299,0,8049,12,28,700,0.996159,25.3361
LoraWAN 1 gateways,0.5,4695,16,118,1000000,215,4711,258.287,1155,0,0,4711,12,0,0,0,3.8043
Multihop 1 gateways,0.5,7588,585,118,1000000,215,9095,147.286,1155,244,0,8173,11,22,656,0.995632,10.2189
LoraWAN 1 gateways,0.5,4616,20,118,1000000,215,4638,222.826,1155,0,0,4638,11,2,0,0,5.11
Multihop 1 gateways,0.5,7759,236,118,1000000,215,9099,171.125,1155,233,0,7995,11,63,808,0.992837,39.7212
LoraWAN 1 gateways,0.5,4512,11,118,1000000,215,4524,241.821,1155,0,0,4524,11,1,0,0,5.27325
Multihop 1 gateways,0.5,7274,776,118,1000000,215,9135,147.286,1155,345,0,8051,11,14,726,0.992622,10.6939
LoraWAN 1 gateways,0.5,4676,20,118,1000000,215,4697,210.596,1155,0,0,4697,11,1,0,0,5.03481
Multihop 1 gateways,0.5,7420,709,118,1000000,215,9082,171.125,1155,266,0,8129,12,35,652,0.994691,36.3548
LoraWAN 1 gateways,0.5,4619,25,118,1000000,215,4645,263.699,1155,0,0,4645,12,1,0,0,3.97193
Multihop 1 gateways,0.5,7433,651,118,1000000,215,9084,171.125,1155,321,0,8085,12,19,660,0.972013,36.8044
LoraWAN 1 gateways,0.5,4594,16,118,1000000,215,4611,272.718,1155,0,0,4611,12,1,0,0,3.83392
Multihop 1 gateways,0.5,7466,658,118,1000000,215,9119,171.125,1155,260,0,8124,12,30,705,0.988317,34.1628
LoraWAN 1 gateways,0.5,4624,21,118,1000000,215,4645,246.579,1155,0,0,4645,12,0,0,0,3.90099
Multihop 1 gateways,0.5,7740,517,118,1000000,215,9031,147.286,1155,191,0,8258,12,42,541,0.994274,16.0184
LoraWAN 1 gateways,0.5,4929,32,118,1000000,215,4961,235.434,1155,0,0,4961,12,0,0,0,3.89038
Multihop 1 gateways,0.5,7796,318,118,1000000,215,9069,147.286,1155,309,0,8116,12,13,633,0.997026,11.1231
LoraWAN 1 gateways,0.5,4920,35,118,1000000,215,4957,212.157,1155,0,0,4957,12,2,0,0,3.74106
Multihop 1 gateways,0.5,7505,507,118,1000000,215,9075,194.889,1155,282,0,8012,12,40,741,0.99109,32.5221
LoraWAN 1 gateways,0.5,4538,29,118,1000000,215,4568,301.2,1155,0,0,4568,12,1,0,0,4.14063
Multihop 1 gateways,0.5,7858,1038,138,1000000,215,10639,171.125,1155,509,0,8897,12,21,1213,0.975673,40.7615
LoraWAN 1 gateways,0.5,4945,20,138,1000000,215,4965,261.302,1155,0,0,4965,12,0,0,0,4.1513
Multihop 1 gateways,0.5,8235,684,138,1000000,215,10630,171.125,1155,533,0,8920,12,51,1127,0.985068,28.3745
LoraWAN 1 gateways,0.5,5056,26,138,1000000,215,5083,273.889,1155,0,0,5083,12,1,0,0,3.95674
Multihop 1 gateways,0.5,8804,299,138,1000000,215,10651,171.125,1155,446,0,9103,12,46,1056,0.990071,23.3807
LoraWAN 1 gateways,0.5,4718,15,138,1000000,215,4735,275.854,1155,0,0,4735,12,2,0,0,4.42175
Multihop 1 gateways,0.5,8367,695,138,1000000,215,10603,194.889,1155,487,0,9062,12,31,1023,0.987122,39.0133
LoraWAN 1 gateways,0.5,5138,26,138,1000000,215,5164,366.139,1155,0,0,5164,12,0,0,0,4.01784
Multihop 1 gateways,0.5,8595,744,138,1000000,215,10603,147.286,1155,353,0,9339,11,39,872,0.99243,11.4335
LoraWAN 1 gateways,0.5,5286,45,138,1000000,215,5331,226.986,1155,0,0,5331,11,0,0,0,5.45256
Multihop 1 gateways,0.5,8388,613,138,1000000,215,10609,171.125,1155,532,0,9001,12,17,1059,0.988376,27.2142
LoraWAN 1 gateways,0.5,5271,26,138,1000000,215,5299,268.511,1155,0,0,5299,12,2,0,0,3.68318
Multihop 1 gateways,0.5,8965,328,138,1000000,215,10636,147.286,1155,356,0,9294,11,51,936,0.987947,10.3764
LoraWAN 1 gateways,0.5,5316,28,138,1000000,215,5346,220.186,1155,0,0,5345,11,2,0,0,5.18638
Multihop 1 gateways,0.5,8275,779,138,1000000,215,10638,171.125,1155,496,0,9054,12,20,1068,0.988565,44.0259
LoraWAN 1 gateways,0.5,4954,15,138,1000000,215,4970,336.624,1155,0,0,4970,12,1,0,0,4.20773
Multihop 1 gateways,0.5,7967,1111,138,1000000,215,10633,171.125,1155,381,0,9079,12,49,1125,0.984055,29.0947
LoraWAN 1 gateways,0.5,4900,12,138,1000000,215,4914,274.904,1155,0,0,4914,12,2,0,0,4.05899
Multihop 1 gateways,0.5,8158,1023,138,1000000,215,10628,171.125,1155,411,0,9181,12,55,981,0.98787,51.7283
LoraWAN 1 gateways,0.5,5213,25,138,1000000,215,5239,242.717,1155,0,0,5239,12,1,0,0,3.96207
Multihop 1 gateways,0.5,9413,675,159,1000000,215,12266,171.125,1155,594,0,10090,12,24,1560,0.988971,18.639
LoraWAN 1 gateways,0.5,5281,23,159,1000000,215,5306,269.33,1155,0,0,5306,12,2,0,0,4.13867
Multihop 1 gateways,0.5,9096,811,159,1000000,215,12238,218.6,1155,628,0,9907,12,23,1680,0.974527,15.3318
LoraWAN 1 gateways,0.5,5333,41,159,1000000,215,5382,453.209,1155,0,8,5374,12,0,0,0,4.42282
Multihop 1 gateways,0.5,9400,1325,159,1000000,215,12216,171.125,1155,417,0,10727,12,43,1031,0.995061,57.8466
LoraWAN 1 gateways,0.5,6014,49,159,1000000,215,6063,278.753,1155,0,0,6063,12,0,0,0,4.1305
Multihop 1 gateways,0.5,9214,1038,159,1000000,215,12233,218.6,1155,500,0,10254,12,60,1421,0.97143,14.9058
LoraWAN 1 gateways,0.5,5555,18,159,1000000,215,5573,411.003,1155,0,0,5573,12,0,0,0,3.98198
Multihop 1 gateways,0.5,9138,1075,159,1000000,215,12237,171.125,1155,615,0,10213,12,16,1393,0.991649,31.3541
LoraWAN 1 gateways,0.5,5676,26,159,1000000,215,5702,257.1,1155,0,0,5702,12,0,0,0,4.31351
Multihop 1 gateways,0.5,9380,1233,159,1000000,215,12250,171.125,1155,430,0,10614,12,47,1160,0.991791,45.7617
LoraWAN 1 gateways,0.5,5542,35,159,1000000,215,5579,278.312,1155,0,0,5578,12,2,0,0,4.99275
Multihop 1 gateways,0.5,8736,1287,159,1000000,215,12252,218.6,1155,634,0,10023,12,16,1579,0.984078,15.7223
LoraWAN 1 gateways,0.5,5412,32,159,1000000,215,5455,434.289,1155,0,9,5446,12,2,0,0,4.19751
Multihop 1 gateways,0.5,9556,370,159,1000000,215,12236,242.273,1155,674,0,9926,12,46,1590,0.956302,44.1197
LoraWAN 1 gateways,0.5,5529,17,159,1000000,215,5547,463.658,1155,0,0,5547,12,1,0,0,4.37513
Multihop 1 gateways,0.5,9473,550,159,1000000,215,12251,194.889,1155,577,0,10023,12,61,1590,0.982349,38.4504
LoraWAN 1 gateways,0.5,5429,45,159,1000000,215,5475,379.902,1155,0,0,5475,12,1,0,0,4.67393
Multihop 1 gateways,0.5,9396,836,159,1000000,215,12206,194.889,1155,554,0,10233,12,19,1401,0.993934,38.991
LoraWAN 1 gateways,0.5,5524,33,159,1000000,215,5560,363.167,1155,0,0,5560,12,3,0,0,4.235
