case,rate,decoded,non_decoded,nodes_number,life_time,maximum_trans,gen_packets,delay,max_delay,interference_in_node,out_of_range_in_ge,in_range_in_ge,max_sf,time_out,drop_p_async,fairness
Multihop 1 gateways,0.8,2970,64,30,1000000,215,3046,220771,1155,0,0,3034,7,1,11,0.999989
LoraWAN 1 gateways,0.8,2518,40,30,1000000,215,2558,153088,1155,0,0,2558,8,0,0,0
Multihop 1 gateways,0.8,2897,118,30,1000000,215,3028,206376,1155,0,0,3015,7,0,13,0.999967
LoraWAN 1 gateways,0.8,2554,27,30,1000000,215,2581,151984,1155,0,0,2581,8,0,0,0
Multihop 1 gateways,0.8,2965,64,30,1000000,215,3048,219037,1155,0,0,3029,7,1,18,0.999919
LoraWAN 1 gateways,0.8,2525,40,30,1000000,215,2566,152516,1155,0,0,2566,9,1,0,0
Multihop 1 gateways,0.8,2948,90,30,1000000,215,3046,214375,1155,0,0,3038,7,0,8,0.999678
LoraWAN 1 gateways,0.8,2530,28,30,1000000,215,2558,153870,1155,0,0,2558,8,0,0,0
Multihop 1 gateways,0.8,2958,58,30,1000000,215,3023,200335,1155,0,0,3017,7,1,6,0.999952
LoraWAN 1 gateways,0.8,2574,40,30,1000000,215,2614,149684,1155,0,0,2614,8,0,0,0
Multihop 1 gateways,0.8,2956,60,30,1000000,215,3027,208002,1155,0,0,3016,7,0,11,0.999965
LoraWAN 1 gateways,0.8,2585,33,30,1000000,215,2619,149730,1155,0,0,2619,8,1,0,0
Multihop 1 gateways,0.8,2964,54,30,1000000,215,3026,206707,1155,0,0,3018,7,0,8,0.999957
LoraWAN 1 gateways,0.8,2562,29,30,1000000,215,2591,151294,1155,0,0,2591,8,0,0,0
Multihop 1 gateways,0.8,2965,56,30,1000000,215,3043,218743,1155,0,0,3022,7,1,21,0.999877
LoraWAN 1 gateways,0.8,2526,32,30,1000000,215,2558,153548,1155,0,0,2558,8,0,0,0
Multihop 1 gateways,0.8,2933,94,30,1000000,215,3031,204306,1155,0,0,3028,7,1,3,0.999867
LoraWAN 1 gateways,0.8,2523,35,30,1000000,215,2558,153364,1155,0,0,2558,8,0,0,0
Multihop 1 gateways,0.8,2905,127,30,1000000,215,3047,224091,1155,0,0,3032,7,0,15,0.999504
LoraWAN 1 gateways,0.8,2523,24,30,1000000,215,2547,154226,1155,0,0,2547,9,0,0,0
Multihop 1 gateways,0.8,5791,531,60,1000000,215,6457,700620,1155,0,0,6323,7,2,133,0.997508
LoraWAN 1 gateways,0.8,4160,33,60,1000000,215,4193,360281,1155,0,0,4193,10,0,0,0
Multihop 1 gateways,0.8,5924,364,60,1000000,215,6440,731337,1155,0,0,6288,7,0,152,0.997898
LoraWAN 1 gateways,0.8,4154,70,60,1000000,215,4224,355454,1155,0,0,4224,10,0,0,0
Multihop 1 gateways,0.8,5967,327,60,1000000,215,6439,705214,1155,0,0,6294,7,0,145,0.99677
LoraWAN 1 gateways,0.8,4200,70,60,1000000,215,4271,352370,1155,0,0,4271,10,1,0,0
Multihop 1 gateways,0.8,5906,354,60,1000000,215,6359,649749,1155,0,0,6261,7,1,98,0.999881
LoraWAN 1 gateways,0.8,4310,56,60,1000000,215,4366,348680,1155,0,0,4366,9,0,0,0
Multihop 1 gateways,0.8,5886,419,60,1000000,215,6437,710166,1155,0,0,6305,7,0,132,0.999854
LoraWAN 1 gateways,0.8,4179,60,60,1000000,215,4239,354345,1155,0,0,4239,10,0,0,0
Multihop 1 gateways,0.8,5969,311,60,1000000,215,6405,682178,1155,0,0,6280,7,0,125,0.999665
LoraWAN 1 gateways,0.8,4282,50,60,1000000,215,4333,351675,1155,0,0,4333,10,1,0,0
Multihop 1 gateways,0.8,5804,476,60,1000000,215,6405,669608,1155,0,0,6280,7,0,125,0.999538
LoraWAN 1 gateways,0.8,4221,82,60,1000000,215,4303,350451,1155,0,0,4303,10,0,0,0
Multihop 1 gateways,0.8,5990,246,60,1000000,215,6441,781328,1155,0,0,6236,7,1,204,0.996168
LoraWAN 1 gateways,0.8,4086,74,60,1000000,215,4160,358974,1155,0,0,4160,11,0,0,0
Multihop 1 gateways,0.8,5964,339,60,1000000,215,6431,705808,1155,0,0,6303,7,0,128,0.999131
LoraWAN 1 gateways,0.8,4195,68,60,1000000,215,4263,352855,1155,0,0,4263,10,0,0,0
Multihop 1 gateways,0.8,5972,319,60,1000000,215,6437,718046,1155,0,0,6291,7,0,146,0.999129
LoraWAN 1 gateways,0.8,4157,58,60,1000000,215,4215,356865,1155,0,0,4215,10,0,0,0
Multihop 1 gateways,0.8,7989,1529,90,1000000,215,10035,1227624,1155,0,0,9519,7,1,516,0.975079
LoraWAN 1 gateways,0.8,5405,67,90,1000000,215,5475,584789,1155,0,0,5475,11,3,0,0
Multihop 1 gateways,0.8,8942,680,90,1000000,215,10016,1375525,1155,0,0,9623,7,1,393,0.997723
LoraWAN 1 gateways,0.8,5471,77,90,1000000,215,5548,580544,1155,0,0,5548,11,0,0,0
Multihop 1 gateways,0.8,8640,910,90,1000000,215,10009,1321150,1155,0,0,9550,7,0,459,0.99539
LoraWAN 1 gateways,0.8,5489,67,90,1000000,215,5557,581251,1155,0,0,5557,11,1,0,0
Multihop 1 gateways,0.8,8848,575,90,1000000,215,9989,1411057,1155,0,0,9423,7,0,566,0.983014
LoraWAN 1 gateways,0.8,5448,72,90,1000000,215,5520,584238,1155,0,0,5520,11,0,0,0
Multihop 1 gateways,0.8,8984,620,90,1000000,215,10020,1380440,1155,0,0,9605,7,1,415,0.999038
LoraWAN 1 gateways,0.8,5483,58,90,1000000,215,5545,580946,1155,0,0,5545,10,4,0,0
Multihop 1 gateways,0.8,8699,864,90,1000000,215,10042,1370883,1155,0,0,9563,7,0,479,0.996583
LoraWAN 1 gateways,0.8,5357,72,90,1000000,215,5429,589405,1155,0,0,5429,11,0,0,0
Multihop 1 gateways,0.8,8636,945,90,1000000,215,9982,1261548,1155,0,0,9581,7,1,400,0.993455
LoraWAN 1 gateways,0.8,5548,88,90,1000000,215,5636,575135,1155,0,0,5636,10,0,0,0
Multihop 1 gateways,0.8,8616,984,90,1000000,215,10007,1290107,1155,0,0,9600,7,1,406,0.997662
LoraWAN 1 gateways,0.8,5496,110,90,1000000,215,5606,574591,1155,0,0,5606,11,0,0,0
Multihop 1 gateways,0.8,8352,1199,90,1000000,215,10003,1279489,1155,0,0,9551,7,3,449,0.996541
LoraWAN 1 gateways,0.8,5426,78,90,1000000,215,5505,584865,1155,0,0,5505,11,1,0,0
Multihop 1 gateways,0.8,8746,732,90,1000000,215,10032,1439423,1155,0,0,9478,7,1,553,0.998107
LoraWAN 1 gateways,0.8,5384,55,90,1000000,215,5439,589157,1155,0,0,5439,11,0,0,0
Multihop 1 gateways,0.8,11302,1068,120,1000000,215,13506,2151830,1155,12,0,12370,7,1,1123,0.985017
LoraWAN 1 gateways,0.8,6356,90,120,1000000,215,6446,831696,1155,0,0,6446,12,0,0,0
Multihop 1 gateways,0.8,10387,1944,120,1000000,215,13547,2023287,1155,0,0,12331,7,2,1214,0.985185
LoraWAN 1 gateways,0.8,6271,74,120,1000000,215,6346,838955,1155,0,0,6346,12,1,0,0
Multihop 1 gateways,0.8,11336,1189,120,1000000,215,13588,2135226,1155,0,0,12526,7,4,1059,0.992865
LoraWAN 1 gateways,0.8,6390,91,120,1000000,215,6481,828230,1155,0,0,6481,11,0,0,0
Multihop 1 gateways,0.8,11618,948,120,1000000,215,13588,2183896,1155,0,0,12566,7,1,1021,0.991288
LoraWAN 1 gateways,0.8,6487,88,120,1000000,215,6575,821112,1155,0,0,6575,11,0,0,0
Multihop 1 gateways,0.8,10751,1729,120,1000000,215,13547,2053982,1155,8,0,12481,7,14,1045,0.998155
LoraWAN 1 gateways,0.8,6367,70,120,1000000,215,6438,831856,1155,0,0,6438,11,1,0,0
Multihop 1 gateways,0.8,11057,1441,120,1000000,215,13561,2116128,1155,0,0,12498,7,4,1059,0.991413
LoraWAN 1 gateways,0.8,6423,84,120,1000000,215,6508,825981,1155,0,0,6507,11,1,0,0
Multihop 1 gateways,0.8,11474,1013,120,1000000,215,13556,2169196,1155,0,0,12487,7,1,1068,0.99294
LoraWAN 1 gateways,0.8,6453,78,120,1000000,215,6531,826256,1155,0,0,6531,11,0,0,0
Multihop 1 gateways,0.8,10976,1478,120,1000000,215,13483,2053890,1155,0,0,12454,7,1,1028,0.986495
LoraWAN 1 gateways,0.8,6519,69,120,1000000,215,6588,823079,1155,0,0,6588,11,0,0,0
Multihop 1 gateways,0.8,10791,1612,120,1000000,215,13554,2096278,1155,0,0,12403,7,1,1150,0.994103
LoraWAN 1 gateways,0.8,6394,98,120,1000000,215,6493,828889,1155,0,0,6493,11,1,0,0
Multihop 1 gateways,0.8,11054,1075,120,1000000,215,13483,2147946,1155,8,0,12129,7,14,1332,0.980053
LoraWAN 1 gateways,0.8,6376,78,120,1000000,215,6454,832562,1155,0,0,6454,12,0,0,0
Multihop 1 gateways,0.8,13503,1640,150,1000000,215,17094,3019943,1155,0,0,15145,7,5,1946,0.978304
LoraWAN 1 gateways,0.8,7081,103,150,1000000,215,7185,1093273,1155,0,0,7185,12,1,0,0
Multihop 1 gateways,0.8,13170,1927,150,1000000,215,17064,2916189,1155,0,0,15097,7,0,1967,0.974111
LoraWAN 1 gateways,0.8,7102,87,150,1000000,215,7190,1095210,1155,0,0,7190,12,1,0,0
Multihop 1 gateways,0.8,13267,1513,150,1000000,215,17035,3094432,1155,0,0,14781,7,11,2244,0.981523
LoraWAN 1 gateways,0.8,6974,67,150,1000000,215,7045,1108088,1155,0,0,7045,12,4,0,0
Multihop 1 gateways,0.8,13338,1751,150,1000000,215,17064,3027306,1155,0,0,15089,7,2,1973,0.980033
LoraWAN 1 gateways,0.8,7060,80,150,1000000,215,7144,1102669,1155,0,0,7144,12,4,0,0
Multihop 1 gateways,0.8,13064,1756,150,1000000,215,17023,3040658,1155,0,0,14822,7,5,2198,0.96867
LoraWAN 1 gateways,0.8,7073,88,150,1000000,215,7161,1096063,1155,0,0,7161,12,0,0,0
Multihop 1 gateways,0.8,13383,1687,150,1000000,215,17033,2966982,1155,9,0,15070,7,5,1949,0.989749
LoraWAN 1 gateways,0.8,7153,117,150,1000000,215,7270,1090194,1155,0,0,7270,12,0,0,0
Multihop 1 gateways,0.8,11183,3238,150,1000000,215,16997,2762065,1155,0,0,14422,7,6,2570,0.976649
LoraWAN 1 gateways,0.8,6629,93,150,1000000,215,6724,1128080,1155,0,0,6724,12,2,0,0
Multihop 1 gateways,0.8,13378,1703,150,1000000,215,17100,3004668,1155,0,0,15082,7,4,2015,0.985584
LoraWAN 1 gateways,0.8,7046,87,150,1000000,215,7134,1099616,1155,0,0,7134,12,1,0,0
Multihop 1 gateways,0.8,13029,1869,150,1000000,215,17025,2971396,1155,0,0,14898,7,8,2119,0.975521
LoraWAN 1 gateways,0.8,7049,64,150,1000000,215,7115,1103229,1155,0,0,7115,12,2,0,0
Multihop 1 gateways,0.8,12979,1987,150,1000000,215,17094,3002830,1155,0,0,14967,7,7,2121,0.981655
LoraWAN 1 gateways,0.8,6967,78,150,1000000,215,7046,1106316,1155,0,0,7046,12,1,0,0
Multihop 1 gateways,0.8,13533,2941,180,1000000,215,20349,3735717,1155,0,0,16474,7,15,3860,0.967508
LoraWAN 1 gateways,0.8,7286,83,180,1000000,215,7371,1399991,1155,0,0,7371,12,2,0,0
Multihop 1 gateways,0.8,14373,2851,180,1000000,215,20365,3675308,1155,0,0,17225,7,6,3135,0.953674
LoraWAN 1 gateways,0.8,7685,71,180,1000000,215,7766,1368229,1155,0,9,7757,12,1,0,0
Multihop 1 gateways,0.8,14503,2941,180,1000000,215,20537,3687447,1155,0,0,17444,7,4,3089,0.981703
LoraWAN 1 gateways,0.8,7694,82,180,1000000,215,7778,1368951,1155,0,0,7778,12,2,0,0
Multihop 1 gateways,0.8,13123,4136,180,1000000,215,20504,3305133,1155,7,0,17260,7,9,3229,0.964664
LoraWAN 1 gateways,0.8,7701,87,180,1000000,215,7789,1369207,1155,0,0,7789,12,1,0,0
Multihop 1 gateways,0.8,15469,2082,180,1000000,215,20589,3959860,1155,0,0,17552,7,8,3030,0.97784
LoraWAN 1 gateways,0.8,7620,78,180,1000000,215,7699,1376833,1155,0,0,7699,12,1,0,0
Multihop 1 gateways,0.8,14282,2766,180,1000000,215,20442,3790653,1155,3,0,17050,7,21,3370,0.983377
LoraWAN 1 gateways,0.8,7473,60,180,1000000,215,7536,1392832,1155,0,0,7536,12,3,0,0
Multihop 1 gateways,0.8,14696,2542,180,1000000,215,20457,3732361,1155,0,0,17240,7,13,3206,0.976815
LoraWAN 1 gateways,0.8,7747,90,180,1000000,215,7837,1368847,1155,0,0,7837,12,0,0,0
Multihop 1 gateways,0.8,14862,2076,180,1000000,215,20473,3973592,1155,0,0,16940,7,11,3524,0.979534
LoraWAN 1 gateways,0.8,7428,104,180,1000000,215,7533,1384295,1155,0,0,7533,12,1,0,0
Multihop 1 gateways,0.8,15490,1922,180,1000000,215,20430,3923478,1155,0,0,17412,7,13,3005,0.985901
LoraWAN 1 gateways,0.8,7718,96,180,1000000,215,7816,1369592,1155,0,0,7816,12,2,0,0
Multihop 1 gateways,0.8,13952,2496,180,1000000,215,20267,3515636,1155,150,0,16451,7,19,3650,0.881579
LoraWAN 1 gateways,0.8,7568,94,180,1000000,215,7692,1349580,1155,0,27,7665,12,3,0,0
Multihop 1 gateways,0.8,15175,4103,210,1000000,215,23965,4344736,1155,0,0,19279,7,12,4675,0.950523
LoraWAN 1 gateways,0.8,8103,87,210,1000000,215,8202,1648683,1155,0,9,8192,12,3,0,0
Multihop 1 gateways,0.8,15421,3571,210,1000000,215,23854,4587999,1155,0,0,18993,7,10,4852,0.977531
LoraWAN 1 gateways,0.8,7972,70,210,1000000,215,8054,1662494,1155,0,9,8045,12,3,0,0
Multihop 1 gateways,0.8,16260,2537,210,1000000,215,23813,4699574,1155,0,0,18797,7,15,5001,0.947402
LoraWAN 1 gateways,0.8,8015,85,210,1000000,215,8146,1615667,1155,0,45,8101,12,1,0,0
Multihop 1 gateways,0.8,15988,3437,210,1000000,215,23978,4500927,1155,0,0,19428,7,15,4538,0.964694
LoraWAN 1 gateways,0.8,8140,60,210,1000000,215,8202,1663260,1155,0,0,8202,12,2,0,0
Multihop 1 gateways,0.8,16893,2401,210,1000000,215,24010,4873165,1155,0,0,19295,7,13,4703,0.978515
LoraWAN 1 gateways,0.8,8006,67,210,1000000,215,8076,1667713,1155,0,0,8076,12,3,0,0
Multihop 1 gateways,0.8,14934,3516,210,1000000,215,23660,4455174,1155,0,0,18452,7,9,5201,0.941486
LoraWAN 1 gateways,0.8,7896,79,210,1000000,215,8064,1572877,1155,0,88,7976,12,1,0,0
Multihop 1 gateways,0.8,15581,3571,210,1000000,215,23859,4429312,1155,0,0,19153,7,9,4698,0.93794
LoraWAN 1 gateways,0.8,8139,74,210,1000000,215,8250,1615069,1155,0,36,8214,12,1,0,0
Multihop 1 gateways,0.8,12674,6130,210,1000000,215,23726,3573545,1155,3,0,18805,7,10,4909,0.937715
LoraWAN 1 gateways,0.8,8201,78,210,1000000,215,8292,1649320,1155,0,9,8283,12,4,0,0
Multihop 1 gateways,0.8,15837,2568,210,1000000,215,23736,4800102,1155,0,0,18406,7,11,5320,0.967679
LoraWAN 1 gateways,0.8,7780,80,210,1000000,215,7879,1669260,1155,0,18,7861,12,1,0,0
Multihop 1 gateways,0.8,15810,3435,210,1000000,215,23953,4584506,1155,1,0,19246,7,10,4697,0.980588
LoraWAN 1 gateways,0.8,8030,123,210,1000000,215,8153,1662080,1155,0,0,8153,12,0,0,0
Multihop 1 gateways,0.8,16344,3530,240,1000000,215,26954,5398317,1155,0,0,19874,7,19,7061,0.930628
LoraWAN 1 gateways,0.8,8095,116,240,1000000,215,8290,1887480,1155,0,79,8211,12,0,0,0
Multihop 1 gateways,0.8,16649,3720,240,1000000,215,27152,5409797,1155,0,0,20371,7,16,6767,0.958192
LoraWAN 1 gateways,0.8,8269,77,240,1000000,215,8391,1919461,1155,0,45,8346,12,0,0,0
Multihop 1 gateways,0.8,15695,4103,240,1000000,215,26921,5108804,1155,20,0,19801,7,27,7076,0.926331
LoraWAN 1 gateways,0.8,8204,81,240,1000000,215,8386,1859102,1155,0,98,8288,12,3,0,0
Multihop 1 gateways,0.8,16366,5282,240,1000000,215,27180,5068296,1155,0,0,20699,7,-935,6467,0.895072
LoraWAN 1 gateways,0.8,8482,86,240,1000000,215,8634,1874955,1155,0,62,8572,12,4,0,0
Multihop 1 gateways,0.8,16138,4323,240,1000000,215,27018,5173072,1155,0,0,20461,7,17,6540,0.963659
LoraWAN 1 gateways,0.8,8380,93,240,1000000,215,8538,1885790,1155,0,61,8477,12,4,0,0
Multihop 1 gateways,0.8,16970,3068,240,1000000,215,26891,5484947,1155,0,0,20039,7,16,6837,0.95203
LoraWAN 1 gateways,0.8,8342,98,240,1000000,215,8522,1866561,1155,0,79,8443,12,3,0,0
Multihop 1 gateways,0.8,16812,2752,240,1000000,215,26886,5322132,1155,146,0,19565,7,28,7148,0.929749
LoraWAN 1 gateways,0.8,8295,102,240,1000000,215,8488,1864102,1155,0,89,8399,12,2,0,0
Multihop 1 gateways,0.8,16084,3645,240,1000000,215,26925,5275164,1155,68,0,19731,7,35,7093,0.953188
LoraWAN 1 gateways,0.8,8200,83,240,1000000,215,8349,1901532,1155,0,63,8286,12,3,0,0
Multihop 1 gateways,0.8,17484,2688,240,1000000,215,27059,5717069,1155,0,0,20172,7,13,6874,0.920694
LoraWAN 1 gateways,0.8,8306,79,240,1000000,215,8459,1881744,1155,0,72,8387,12,2,0,0
Multihop 1 gateways,0.8,16655,3548,240,1000000,215,27059,5405230,1155,0,0,20206,7,17,6839,0.936464
LoraWAN 1 gateways,0.8,8246,98,240,1000000,215,8425,1871506,1155,0,80,8345,12,1,0,0
Multihop 1 gateways,0.8,17828,3077,270,1000000,215,29979,6436372,1155,0,0,20906,7,17,9057,0.926461
LoraWAN 1 gateways,0.8,8366,81,270,1000000,215,8654,2034020,1155,0,206,8448,12,1,0,0
Multihop 1 gateways,0.8,16798,3484,270,1000000,215,30006,5818353,1155,117,0,20282,7,42,9565,0.879875
LoraWAN 1 gateways,0.8,8471,89,270,1000000,215,8794,2000327,1155,0,234,8560,12,0,0,0
Multihop 1 gateways,0.8,18190,2377,270,1000000,215,29801,6125784,1155,330,0,19430,7,-1079,9983,0.8588
LoraWAN 1 gateways,0.8,8506,81,270,1000000,215,8795,2035909,1155,0,206,8588,12,2,0,0
Multihop 1 gateways,0.8,16265,3433,270,1000000,215,29567,5699219,1155,160,0,19698,7,45,9664,0.811755
LoraWAN 1 gateways,0.8,8392,74,270,1000000,215,8754,1941246,1155,0,286,8468,12,2,0,0
Multihop 1 gateways,0.8,16372,4805,270,1000000,215,30082,5765595,1155,22,0,21180,7,18,8865,0.892986
LoraWAN 1 gateways,0.8,8552,105,270,1000000,215,8804,2098768,1155,0,144,8660,12,3,0,0
Multihop 1 gateways,0.8,16822,3521,270,1000000,215,29776,5822791,1155,35,0,20345,7,30,9368,0.774006
LoraWAN 1 gateways,0.8,8451,76,270,1000000,215,8745,2023394,1155,0,212,8533,12,6,0,0
Multihop 1 gateways,0.8,16861,4274,270,1000000,215,30083,5973129,1155,3,0,21136,7,24,8921,0.927389
LoraWAN 1 gateways,0.8,8586,88,270,1000000,215,8820,2098688,1155,0,144,8676,12,2,0,0
Multihop 1 gateways,0.8,16932,4214,270,1000000,215,30082,6065864,1155,0,0,21149,7,20,8916,0.924984
LoraWAN 1 gateways,0.8,8496,82,270,1000000,215,8723,2109371,1155,0,144,8579,12,1,0,0
Multihop 1 gateways,0.8,16621,3826,270,1000000,215,29971,5717452,1155,104,0,20447,7,68,9352,0.898057
LoraWAN 1 gateways,0.8,8544,79,270,1000000,215,8791,2081836,1155,0,162,8629,12,6,0,0
Multihop 1 gateways,0.8,17320,3494,270,1000000,215,29971,6210394,1155,0,0,20816,7,23,9134,0.890837
LoraWAN 1 gateways,0.8,8499,72,270,1000000,215,8771,2045230,1155,0,198,8573,12,2,0,0
Multihop 1 gateways,0.8,17632,3389,300,1000000,215,32786,6863043,1155,0,0,21021,7,27,11738,0.895109
LoraWAN 1 gateways,0.8,8597,70,300,1000000,215,9019,2172585,1155,0,349,8670,12,3,0,0
Multihop 1 gateways,0.8,18117,3165,300,1000000,215,33009,6870416,1155,80,0,21282,7,47,11600,0.900633
LoraWAN 1 gateways,0.8,8679,59,300,1000000,215,9037,2238396,1155,0,296,8741,12,3,0,0
Multihop 1 gateways,0.8,17441,4278,300,1000000,215,32920,6704897,1155,0,0,21720,7,21,11180,0.904388
LoraWAN 1 gateways,0.8,8766,72,300,1000000,215,9171,2187323,1155,0,330,8841,12,3,0,0
Multihop 1 gateways,0.8,17165,4202,300,1000000,215,32924,6600948,1155,60,0,21368,7,23,11474,0.902389
LoraWAN 1 gateways,0.8,8576,74,300,1000000,215,8966,2212272,1155,0,314,8652,12,2,0,0
Multihop 1 gateways,0.8,16956,3824,300,1000000,215,32650,6414192,1155,151,0,20781,7,39,11680,0.892097
LoraWAN 1 gateways,0.8,8637,71,300,1000000,215,9084,2147918,1155,0,375,8709,12,1,0,0
Multihop 1 gateways,0.8,17177,4395,300,1000000,215,32911,6654293,1155,0,0,21573,7,20,11319,0.918323
LoraWAN 1 gateways,0.8,8739,58,300,1000000,215,9122,2201233,1155,0,323,8799,12,2,0,0
Multihop 1 gateways,0.8,16893,3601,300,1000000,215,32723,6280572,1155,317,0,20494,7,4,11908,0.77165
LoraWAN 1 gateways,0.8,8756,67,300,1000000,215,9093,2259070,1155,0,269,8824,12,1,0,0
Multihop 1 gateways,0.8,18210,3270,300,1000000,215,32856,7064596,1155,0,0,21482,7,24,11352,0.910105
LoraWAN 1 gateways,0.8,8563,96,300,1000000,215,9018,2165797,1155,0,358,8660,12,1,0,0
Multihop 1 gateways,0.8,18655,3747,300,1000000,215,32775,7452287,1155,0,0,21176,7,-1207,11580,0.932701
LoraWAN 1 gateways,0.8,8625,104,300,1000000,215,9087,2159644,1155,0,358,8729,12,0,0,0
Multihop 1 gateways,0.8,17630,3442,300,1000000,215,32719,6841522,1155,0,0,21073,7,24,11623,0.85379
LoraWAN 1 gateways,0.8,8526,90,300,1000000,215,9005,2136664,1155,0,383,8622,12,6,0,0
