case,rate,decoded,non_decoded,nodes_number,life_time,maximum_trans,gen_packets,delay,max_delay,interference_in_node,out_of_range_in_ge,in_range_in_ge,max_sf,time_out,drop_p_async,fairness
Multihop 1 gateways,0.1,748,4,40,1000000,215,760,89662,1155,3,0,752,7,0,5,0.999767
LoraWAN 1 gateways,0.1,214,0,40,1000000,215,758,9844,1155,0,544,214,7,0,0,0
LoraWAN 2 gateways,0.1,507,5,40,1000000,215,758,23322,1155,0,758,512,7,-512,0,0
LoraWAN 3 gateways,0.1,657,3,40,1000000,215,758,30222,1155,0,758,660,7,-660,0,0
Multihop 1 gateways,0.2,1429,6,40,1000000,215,1447,165583,1155,4,0,1435,7,0,8,0.999948
LoraWAN 1 gateways,0.2,416,2,40,1000000,215,1434,19136,1155,0,1016,418,7,0,0,0
LoraWAN 2 gateways,0.2,964,4,40,1000000,215,1434,44344,1155,0,1434,968,7,-968,0,0
LoraWAN 3 gateways,0.2,1255,4,40,1000000,215,1434,57730,1155,0,1434,1259,7,-1259,0,0
Multihop 1 gateways,0.3,2013,6,40,1000000,215,2050,232026,1155,4,0,2019,7,1,26,0.999485
LoraWAN 1 gateways,0.3,615,6,40,1000000,215,2016,28290,1155,0,1395,621,7,0,0,0
LoraWAN 2 gateways,0.3,1323,11,40,1000000,215,2016,60858,1155,0,2016,1334,7,-1334,0,0
LoraWAN 3 gateways,0.3,1741,16,40,1000000,215,2016,80086,1155,0,2016,1757,7,-1757,0,0
Multihop 1 gateways,0.4,2484,62,40,1000000,215,2607,286267,1155,15,0,2546,7,1,45,0.999466
LoraWAN 1 gateways,0.4,749,4,40,1000000,215,2526,34454,1155,0,1773,753,7,0,0,0
LoraWAN 2 gateways,0.4,1699,15,40,1000000,215,2526,78154,1155,0,2526,1714,7,-1714,0,0
LoraWAN 3 gateways,0.4,2185,11,40,1000000,215,2526,100510,1155,0,2526,2196,7,-2196,0,0
Multihop 1 gateways,0.5,2901,99,40,1000000,215,3088,333906,1155,25,0,3000,7,0,63,0.999125
LoraWAN 1 gateways,0.5,876,2,40,1000000,215,2938,40296,1155,0,2060,878,7,0,0,0
LoraWAN 2 gateways,0.5,1956,32,40,1000000,215,2938,89976,1155,0,2938,1988,7,-1988,0,0
LoraWAN 3 gateways,0.5,2542,37,40,1000000,215,2938,116932,1155,0,2938,2579,7,-2579,0,0
Multihop 1 gateways,0.6,3290,151,40,1000000,215,3538,374612,1155,16,0,3441,7,3,78,0.999421
LoraWAN 1 gateways,0.6,947,16,40,1000000,215,3301,43562,1155,0,2338,963,7,0,0,0
LoraWAN 2 gateways,0.6,2168,30,40,1000000,215,3301,99728,1155,0,3301,2198,7,-2198,0,0
LoraWAN 3 gateways,0.6,2861,39,40,1000000,215,3301,131606,1155,0,3301,2900,7,-2900,0,0
Multihop 1 gateways,0.7,3602,154,40,1000000,215,3886,409834,1155,29,0,3756,7,1,100,0.999581
LoraWAN 1 gateways,0.7,1071,6,40,1000000,215,3585,49266,1155,0,2508,1077,7,0,0,0
LoraWAN 2 gateways,0.7,2384,28,40,1000000,215,3585,109664,1155,0,3585,2412,7,-2412,0,0
LoraWAN 3 gateways,0.7,3103,51,40,1000000,215,3585,142738,1155,0,3585,3154,7,-3154,0,0
Multihop 1 gateways,0.8,3768,344,40,1000000,215,4259,423207,1155,30,0,4112,7,3,114,0.998016
LoraWAN 1 gateways,0.8,1169,8,40,1000000,215,3887,53774,1155,0,2710,1177,7,0,0,0
LoraWAN 2 gateways,0.8,2602,21,40,1000000,215,3887,119692,1155,0,3887,2623,7,-2623,0,0
LoraWAN 3 gateways,0.8,3380,36,40,1000000,215,3887,155480,1155,0,3887,3416,7,-3416,0,0
Multihop 1 gateways,0.9,4338,94,40,1000000,215,4587,487717,1155,26,0,4432,7,3,126,0.999242
LoraWAN 1 gateways,0.9,1236,6,40,1000000,215,4149,56856,1155,0,2907,1242,7,0,0,0
LoraWAN 2 gateways,0.9,2768,39,40,1000000,215,4149,127328,1155,0,4149,2807,7,-2807,0,0
LoraWAN 3 gateways,0.9,3576,62,40,1000000,215,4149,164496,1155,0,4149,3638,7,-3638,0,0
Multihop 1 gateways,1,4583,130,40,1000000,215,4904,520704,1155,40,0,4713,7,0,151,0.999532
LoraWAN 1 gateways,1,1285,24,40,1000000,215,4361,59110,1155,0,3051,1310,7,1,0,0
LoraWAN 2 gateways,1,2930,40,40,1000000,215,4361,134780,1155,0,4361,2971,7,-2970,0,0
LoraWAN 3 gateways,1,3808,41,40,1000000,215,4361,175168,1155,0,4361,3850,7,-3849,0,0
Multihop 1 gateways,0.1,750,0,40,1000000,215,760,91270,1155,6,0,750,7,2,2,0.999475
LoraWAN 1 gateways,0.1,181,0,40,1000000,215,758,8326,1155,0,577,181,7,0,0,0
LoraWAN 2 gateways,0.1,584,4,40,1000000,215,758,26864,1155,0,758,588,7,-588,0,0
LoraWAN 3 gateways,0.1,616,4,40,1000000,215,758,28336,1155,0,758,620,7,-620,0,0
Multihop 1 gateways,0.2,1412,19,40,1000000,215,1447,173120,1155,0,0,1431,7,0,16,0.999464
LoraWAN 1 gateways,0.2,343,8,40,1000000,215,1434,15778,1155,0,1083,351,7,0,0,0
LoraWAN 2 gateways,0.2,1077,11,40,1000000,215,1434,49542,1155,0,1434,1088,7,-1088,0,0
LoraWAN 3 gateways,0.2,1157,5,40,1000000,215,1434,53222,1155,0,1434,1162,7,-1162,0,0
Multihop 1 gateways,0.3,1934,64,40,1000000,215,2051,231225,1155,21,0,1999,7,1,31,0.99907
LoraWAN 1 gateways,0.3,493,2,40,1000000,215,2016,22678,1155,0,1521,495,7,0,0,0
LoraWAN 2 gateways,0.3,1551,15,40,1000000,215,2016,71346,1155,0,2016,1566,7,-1566,0,0
LoraWAN 3 gateways,0.3,1645,13,40,1000000,215,2016,75670,1155,0,2016,1658,7,-1658,0,0
Multihop 1 gateways,0.4,2471,40,40,1000000,215,2616,292945,1155,37,0,2511,7,2,66,0.997706
LoraWAN 1 gateways,0.4,643,4,40,1000000,215,2526,29578,1155,0,1879,647,7,0,0,0
LoraWAN 2 gateways,0.4,1941,22,40,1000000,215,2526,89286,1155,0,2526,1963,7,-1963,0,0
LoraWAN 3 gateways,0.4,2067,26,40,1000000,215,2526,95082,1155,0,2526,2093,7,-2093,0,0
Multihop 1 gateways,0.5,2742,247,40,1000000,215,3097,325003,1155,32,0,2989,7,10,66,0.997864
LoraWAN 1 gateways,0.5,743,2,40,1000000,215,2938,34178,1155,0,2193,745,7,0,0,0
LoraWAN 2 gateways,0.5,2259,38,40,1000000,215,2938,103914,1155,0,2938,2297,7,-2297,0,0
LoraWAN 3 gateways,0.5,2409,26,40,1000000,215,2938,110814,1155,0,2938,2435,7,-2435,0,0
Multihop 1 gateways,0.6,3294,44,40,1000000,215,3516,389844,1155,53,0,3338,7,10,115,0.999121
LoraWAN 1 gateways,0.6,806,6,40,1000000,215,3301,37076,1155,0,2489,812,7,0,0,0
LoraWAN 2 gateways,0.6,2532,33,40,1000000,215,3301,116472,1155,0,3301,2565,7,-2565,0,0
LoraWAN 3 gateways,0.6,2690,35,40,1000000,215,3301,123740,1155,0,3301,2725,7,-2725,0,0
Multihop 1 gateways,0.7,3627,66,40,1000000,215,3895,429016,1155,53,0,3693,7,9,140,0.998811
LoraWAN 1 gateways,0.7,895,2,40,1000000,215,3585,41170,1155,0,2688,897,7,0,0,0
LoraWAN 2 gateways,0.7,2756,38,40,1000000,215,3585,126776,1155,0,3585,2794,7,-2794,0,0
LoraWAN 3 gateways,0.7,2915,57,40,1000000,215,3585,134090,1155,0,3585,2972,7,-2972,0,0
Multihop 1 gateways,0.8,3874,164,40,1000000,215,4263,456461,1155,72,0,4038,7,5,148,0.999482
LoraWAN 1 gateways,0.8,963,4,40,1000000,215,3887,44298,1155,0,2920,967,7,0,0,0
LoraWAN 2 gateways,0.8,2950,50,40,1000000,215,3887,135700,1155,0,3887,3000,7,-3000,0,0
LoraWAN 3 gateways,0.8,3127,65,40,1000000,215,3887,143842,1155,0,3887,3192,7,-3192,0,0
Multihop 1 gateways,0.9,4140,160,40,1000000,215,4583,480722,1155,85,0,4300,7,10,188,0.992064
LoraWAN 1 gateways,0.9,1041,8,40,1000000,215,4149,47886,1155,0,3100,1049,7,0,0,0
LoraWAN 2 gateways,0.9,3179,56,40,1000000,215,4149,146234,1155,0,4149,3235,7,-3235,0,0
LoraWAN 3 gateways,0.9,3387,44,40,1000000,215,4149,155802,1155,0,4149,3431,7,-3431,0,0
Multihop 1 gateways,1,4454,167,40,1000000,215,4917,517015,1155,81,0,4621,7,6,209,0.997631
LoraWAN 1 gateways,1,1083,12,40,1000000,215,4361,49818,1155,0,3266,1095,7,0,0,0
LoraWAN 2 gateways,1,3330,55,40,1000000,215,4361,153180,1155,0,4361,3386,7,-3385,0,0
LoraWAN 3 gateways,1,3518,84,40,1000000,215,4361,161828,1155,0,4361,3603,7,-3602,0,0
Multihop 1 gateways,0.1,721,0,40,1000000,215,760,110307,1155,13,0,721,7,3,23,0.998335
LoraWAN 1 gateways,0.1,127,0,40,1000000,215,758,5842,1155,0,631,127,7,0,0,0
LoraWAN 2 gateways,0.1,28,0,40,1000000,215,758,1288,1155,0,758,28,7,-28,0,0
LoraWAN 3 gateways,0.1,636,4,40,1000000,215,758,29256,1155,0,758,640,7,-640,0,0
Multihop 1 gateways,0.2,1336,2,40,1000000,215,1447,195913,1155,20,0,1338,7,12,77,0.996639
LoraWAN 1 gateways,0.2,247,0,40,1000000,215,1434,11362,1155,0,1187,247,7,0,0,0
LoraWAN 2 gateways,0.2,72,0,40,1000000,215,1434,3312,1155,0,1434,72,7,-72,0,0
LoraWAN 3 gateways,0.2,1180,8,40,1000000,215,1434,54280,1155,0,1434,1188,7,-1188,0,0
Multihop 1 gateways,0.3,1784,14,40,1000000,215,2057,252866,1155,76,0,1799,7,26,157,0.990412
LoraWAN 1 gateways,0.3,346,0,40,1000000,215,2016,15916,1155,0,1670,346,7,0,0,0
LoraWAN 2 gateways,0.3,108,0,40,1000000,215,2016,4968,1155,0,2016,108,7,-108,0,0
LoraWAN 3 gateways,0.3,1619,14,40,1000000,215,2016,74474,1155,0,2016,1633,7,-1633,0,0
Multihop 1 gateways,0.4,2220,40,40,1000000,215,2616,310561,1155,71,0,2260,7,22,263,0.985524
LoraWAN 1 gateways,0.4,430,6,40,1000000,215,2526,19780,1155,0,2090,436,7,0,0,0
LoraWAN 2 gateways,0.4,133,0,40,1000000,215,2526,6118,1155,0,2526,133,7,-133,0,0
LoraWAN 3 gateways,0.4,2066,22,40,1000000,215,2526,95036,1155,0,2526,2088,7,-2088,0,0
Multihop 1 gateways,0.5,2557,2,40,1000000,215,3103,356004,1155,117,0,2559,7,47,380,0.977046
LoraWAN 1 gateways,0.5,506,4,40,1000000,215,2938,23276,1155,0,2428,510,7,0,0,0
LoraWAN 2 gateways,0.5,151,0,40,1000000,215,2938,6946,1155,0,2938,151,7,-151,0,0
LoraWAN 3 gateways,0.5,2426,29,40,1000000,215,2938,111596,1155,0,2938,2453,7,-2455,0,0
Multihop 1 gateways,0.6,2889,21,40,1000000,215,3538,402118,1155,130,0,2910,7,50,448,0.972792
LoraWAN 1 gateways,0.6,564,6,40,1000000,215,3301,25944,1155,0,2731,570,7,0,0,0
LoraWAN 2 gateways,0.6,159,0,40,1000000,215,3301,7314,1155,0,3301,159,7,-159,0,0
LoraWAN 3 gateways,0.6,2709,18,40,1000000,215,3301,124614,1155,0,3301,2727,7,-2727,0,0
Multihop 1 gateways,0.7,3104,10,40,1000000,215,3896,425373,1155,156,0,3114,7,103,523,0.965205
LoraWAN 1 gateways,0.7,620,2,40,1000000,215,3585,28520,1155,0,2963,622,7,0,0,0
LoraWAN 2 gateways,0.7,181,0,40,1000000,215,3585,8326,1155,0,3585,181,7,-181,0,0
LoraWAN 3 gateways,0.7,2885,79,40,1000000,215,3585,132710,1155,0,3585,2963,7,-2964,0,0
Multihop 1 gateways,0.8,3306,95,40,1000000,215,4266,452440,1155,234,0,3401,7,64,567,0.962411
LoraWAN 1 gateways,0.8,665,12,40,1000000,215,3887,30590,1155,0,3210,677,7,0,0,0
LoraWAN 2 gateways,0.8,186,0,40,1000000,215,3887,8556,1155,0,3887,186,7,-186,0,0
LoraWAN 3 gateways,0.8,3147,46,40,1000000,215,3887,144762,1155,0,3887,3192,7,-3193,0,0
Multihop 1 gateways,0.9,3576,0,40,1000000,215,4611,481309,1155,247,0,3576,7,93,695,0.957285
LoraWAN 1 gateways,0.9,719,2,40,1000000,215,4149,33074,1155,0,3428,721,7,0,0,0
LoraWAN 2 gateways,0.9,214,0,40,1000000,215,4149,9844,1155,0,4149,214,7,-214,0,0
LoraWAN 3 gateways,0.9,3374,62,40,1000000,215,4149,155204,1155,0,4149,3435,7,-3436,0,0
Multihop 1 gateways,1,3787,22,40,1000000,215,4926,509727,1155,246,0,3810,7,89,782,0.95588
LoraWAN 1 gateways,1,758,8,40,1000000,215,4361,34868,1155,0,3595,766,7,0,0,0
LoraWAN 2 gateways,1,217,0,40,1000000,215,4361,9982,1155,0,4361,217,7,-217,0,0
LoraWAN 3 gateways,1,3549,80,40,1000000,215,4361,163254,1155,0,4361,3625,7,-3629,0,0
Multihop 1 gateways,0.1,739,12,40,1000000,215,762,83556,1155,2,0,751,7,2,7,0.999976
LoraWAN 1 gateways,0.1,135,0,40,1000000,215,758,6210,1155,0,623,135,7,0,0,0
LoraWAN 2 gateways,0.1,394,2,40,1000000,215,758,18124,1155,0,758,396,7,-396,0,0
LoraWAN 3 gateways,0.1,631,2,40,1000000,215,758,29026,1155,0,758,633,7,-633,0,0
Multihop 1 gateways,0.2,1408,6,40,1000000,215,1444,159231,1155,8,0,1414,7,0,22,0.999469
LoraWAN 1 gateways,0.2,277,4,40,1000000,215,1434,12742,1155,0,1153,281,7,0,0,0
LoraWAN 2 gateways,0.2,742,4,40,1000000,215,1434,34132,1155,0,1434,746,7,-746,0,0
LoraWAN 3 gateways,0.2,1210,9,40,1000000,215,1434,55660,1155,0,1434,1218,7,-1219,0,0
Multihop 1 gateways,0.3,1918,46,40,1000000,215,2044,212097,1155,22,0,1964,7,9,49,0.999682
LoraWAN 1 gateways,0.3,386,0,40,1000000,215,2016,17756,1155,0,1630,386,7,0,0,0
LoraWAN 2 gateways,0.3,1031,4,40,1000000,215,2016,47426,1155,0,2016,1035,7,-1035,0,0
LoraWAN 3 gateways,0.3,1695,18,40,1000000,215,2016,77970,1155,0,2016,1711,7,-1713,0,0
Multihop 1 gateways,0.4,2420,56,40,1000000,215,2602,266302,1155,31,0,2476,7,20,75,0.999427
LoraWAN 1 gateways,0.4,511,0,40,1000000,215,2526,23506,1155,0,2015,511,7,0,0,0
LoraWAN 2 gateways,0.4,1286,27,40,1000000,215,2526,59156,1155,0,2526,1313,7,-1313,0,0
LoraWAN 3 gateways,0.4,2124,30,40,1000000,215,2526,97704,1155,0,2526,2153,7,-2154,0,0
Multihop 1 gateways,0.5,2809,100,40,1000000,215,3060,309994,1155,49,0,2909,7,15,87,0.99918
LoraWAN 1 gateways,0.5,597,0,40,1000000,215,2938,27462,1155,0,2341,597,7,0,0,0
LoraWAN 2 gateways,0.5,1556,17,40,1000000,215,2938,71576,1155,0,2938,1573,7,-1573,0,0
LoraWAN 3 gateways,0.5,2487,28,40,1000000,215,2938,114402,1155,0,2938,2512,7,-2515,0,0
Multihop 1 gateways,0.6,3241,56,40,1000000,215,3492,352499,1155,69,0,3298,7,12,114,0.999192
LoraWAN 1 gateways,0.6,632,0,40,1000000,215,3301,29072,1155,0,2669,632,7,0,0,0
LoraWAN 2 gateways,0.6,1722,20,40,1000000,215,3301,79212,1155,0,3301,1742,7,-1742,0,0
LoraWAN 3 gateways,0.6,2782,37,40,1000000,215,3301,127972,1155,0,3301,2816,7,-2819,0,0
Multihop 1 gateways,0.7,3550,56,40,1000000,215,3822,386950,1155,80,0,3606,7,11,125,0.998847
LoraWAN 1 gateways,0.7,719,2,40,1000000,215,3585,33074,1155,0,2864,721,7,0,0,0
LoraWAN 2 gateways,0.7,1895,11,40,1000000,215,3585,87170,1155,0,3585,1906,7,-1906,0,0
LoraWAN 3 gateways,0.7,2991,63,40,1000000,215,3585,137586,1155,0,3585,3049,7,-3054,0,0
Multihop 1 gateways,0.8,3880,52,40,1000000,215,4190,417201,1155,70,0,3932,7,26,162,0.997901
LoraWAN 1 gateways,0.8,775,8,40,1000000,215,3887,35650,1155,0,3104,783,7,0,0,0
LoraWAN 2 gateways,0.8,2025,30,40,1000000,215,3887,93150,1155,0,3887,2055,7,-2055,0,0
LoraWAN 3 gateways,0.8,3284,38,40,1000000,215,3887,151064,1155,0,3887,3318,7,-3322,0,0
Multihop 1 gateways,0.9,3950,212,40,1000000,215,4474,425394,1155,82,0,4162,7,38,192,0.996677
LoraWAN 1 gateways,0.9,819,4,40,1000000,215,4149,37674,1155,0,3326,823,7,0,0,0
LoraWAN 2 gateways,0.9,2135,33,40,1000000,215,4149,98210,1155,0,4149,2168,7,-2168,0,0
LoraWAN 3 gateways,0.9,3456,72,40,1000000,215,4149,158976,1155,0,4149,3522,7,-3528,0,0
Multihop 1 gateways,1,4217,210,40,1000000,215,4789,450556,1155,123,0,4427,7,38,201,0.996705
LoraWAN 1 gateways,1,874,2,40,1000000,215,4361,40204,1155,0,3485,876,7,0,0,0
LoraWAN 2 gateways,1,2269,36,40,1000000,215,4361,104374,1155,0,4361,2305,7,-2305,0,0
LoraWAN 3 gateways,1,3669,60,40,1000000,215,4361,168774,1155,0,4361,3725,7,-3729,0,0
Multihop 1 gateways,0.1,754,4,40,1000000,215,759,65298,1155,0,0,758,7,1,0,0.999984
LoraWAN 1 gateways,0.1,286,2,40,1000000,215,758,13156,1155,0,470,288,7,0,0,0
LoraWAN 2 gateways,0.1,380,0,40,1000000,215,758,17480,1155,0,758,380,7,-380,0,0
LoraWAN 3 gateways,0.1,525,2,40,1000000,215,758,24150,1155,0,758,527,7,-527,0,0
Multihop 1 gateways,0.2,1406,22,40,1000000,215,1440,121425,1155,8,0,1428,7,0,4,0.999962
LoraWAN 1 gateways,0.2,529,4,40,1000000,215,1434,24334,1155,0,901,533,7,0,0,0
LoraWAN 2 gateways,0.2,751,2,40,1000000,215,1434,34546,1155,0,1434,753,7,-753,0,0
LoraWAN 3 gateways,0.2,1005,7,40,1000000,215,1434,46230,1155,0,1434,1012,7,-1012,0,0
Multihop 1 gateways,0.3,1959,62,40,1000000,215,2038,171470,1155,8,0,2021,7,0,9,0.99995
LoraWAN 1 gateways,0.3,752,8,40,1000000,215,2016,34592,1155,0,1256,760,7,0,0,0
LoraWAN 2 gateways,0.3,1061,4,40,1000000,215,2016,48806,1155,0,2016,1065,7,-1065,0,0
LoraWAN 3 gateways,0.3,1411,2,40,1000000,215,2016,64906,1155,0,2016,1413,7,-1413,0,0
Multihop 1 gateways,0.4,2477,72,40,1000000,215,2581,213952,1155,10,0,2549,7,4,18,0.999636
LoraWAN 1 gateways,0.4,920,12,40,1000000,215,2526,42320,1155,0,1594,932,7,0,0,0
LoraWAN 2 gateways,0.4,1305,14,40,1000000,215,2526,60030,1155,0,2526,1319,7,-1319,0,0
LoraWAN 3 gateways,0.4,1761,8,40,1000000,215,2526,81006,1155,0,2526,1769,7,-1769,0,0
Multihop 1 gateways,0.5,2890,105,40,1000000,215,3033,252339,1155,12,0,2995,7,3,23,0.999981
LoraWAN 1 gateways,0.5,1098,22,40,1000000,215,2938,50508,1155,0,1818,1120,7,0,0,0
LoraWAN 2 gateways,0.5,1527,8,40,1000000,215,2938,70242,1155,0,2938,1535,7,-1535,0,0
LoraWAN 3 gateways,0.5,2045,8,40,1000000,215,2938,94070,1155,0,2938,2053,7,-2053,0,0
Multihop 1 gateways,0.6,3271,103,40,1000000,215,3443,280699,1155,32,0,3374,7,4,33,0.999803
LoraWAN 1 gateways,0.6,1199,16,40,1000000,215,3301,55154,1155,0,2086,1215,7,0,0,0
LoraWAN 2 gateways,0.6,1728,14,40,1000000,215,3301,79488,1155,0,3301,1742,7,-1742,0,0
LoraWAN 3 gateways,0.6,2295,22,40,1000000,215,3301,105570,1155,0,3301,2317,7,-2317,0,0
Multihop 1 gateways,0.7,3631,83,40,1000000,215,3767,311026,1155,12,0,3714,7,1,40,0.999112
LoraWAN 1 gateways,0.7,1318,25,40,1000000,215,3585,60628,1155,0,2242,1343,7,0,0,0
LoraWAN 2 gateways,0.7,1892,18,40,1000000,215,3585,87032,1155,0,3585,1910,7,-1910,0,0
LoraWAN 3 gateways,0.7,2512,19,40,1000000,215,3585,115552,1155,0,3585,2531,7,-2531,0,0
Multihop 1 gateways,0.8,3906,144,40,1000000,215,4108,333757,1155,21,0,4050,7,5,32,0.999797
LoraWAN 1 gateways,0.8,1422,20,40,1000000,215,3887,65412,1155,0,2445,1442,7,0,0,0
LoraWAN 2 gateways,0.8,2045,24,40,1000000,215,3887,94070,1155,0,3887,2069,7,-2069,0,0
LoraWAN 3 gateways,0.8,2715,26,40,1000000,215,3887,124890,1155,0,3887,2741,7,-2741,0,0
Multihop 1 gateways,0.9,4117,225,40,1000000,215,4418,350260,1155,24,0,4342,7,3,49,0.999708
LoraWAN 1 gateways,0.9,1522,28,40,1000000,215,4149,70012,1155,0,2599,1550,7,0,0,0
LoraWAN 2 gateways,0.9,2143,12,40,1000000,215,4149,98578,1155,0,4149,2155,7,-2155,0,0
LoraWAN 3 gateways,0.9,2866,29,40,1000000,215,4149,131836,1155,0,4149,2895,7,-2895,0,0
Multihop 1 gateways,1,4328,271,40,1000000,215,4686,365469,1155,26,0,4599,7,3,58,0.998498
LoraWAN 1 gateways,1,1604,26,40,1000000,215,4361,73784,1155,0,2731,1630,7,0,0,0
LoraWAN 2 gateways,1,2273,26,40,1000000,215,4361,104558,1155,0,4361,2300,7,-2299,0,0
LoraWAN 3 gateways,1,3017,33,40,1000000,215,4361,138782,1155,0,4361,3051,7,-3050,0,0
Multihop 1 gateways,0.1,748,6,40,1000000,215,760,78621,1155,3,0,754,7,0,3,0.999897
LoraWAN 1 gateways,0.1,215,2,40,1000000,215,758,9890,1155,0,541,217,7,0,0,0
LoraWAN 2 gateways,0.1,663,2,40,1000000,215,758,30498,1155,0,758,665,7,-665,0,0
LoraWAN 3 gateways,0.1,698,4,40,1000000,215,758,32108,1155,0,758,702,7,-702,0,0
Multihop 1 gateways,0.2,1401,24,40,1000000,215,1446,146915,1155,4,0,1426,7,0,17,0.999929
LoraWAN 1 gateways,0.2,428,0,40,1000000,215,1434,19688,1155,0,1006,428,7,0,0,0
LoraWAN 2 gateways,0.2,1272,3,40,1000000,215,1434,58512,1155,0,1434,1275,7,-1275,0,0
LoraWAN 3 gateways,0.2,1333,8,40,1000000,215,1434,61318,1155,0,1434,1341,7,-1341,0,0
Multihop 1 gateways,0.3,1950,52,40,1000000,215,2045,203828,1155,7,0,2002,7,6,30,0.999472
LoraWAN 1 gateways,0.3,590,4,40,1000000,215,2016,27140,1155,0,1422,594,7,0,0,0
LoraWAN 2 gateways,0.3,1763,13,40,1000000,215,2016,81098,1155,0,2016,1776,7,-1776,0,0
LoraWAN 3 gateways,0.3,1861,10,40,1000000,215,2016,85606,1155,0,2016,1871,7,-1871,0,0
Multihop 1 gateways,0.4,2442,120,40,1000000,215,2604,254401,1155,6,0,2562,7,8,28,0.999407
LoraWAN 1 gateways,0.4,776,6,40,1000000,215,2526,35696,1155,0,1744,782,7,0,0,0
LoraWAN 2 gateways,0.4,2187,37,40,1000000,215,2526,100602,1155,0,2526,2224,7,-2224,0,0
LoraWAN 3 gateways,0.4,2326,26,40,1000000,215,2526,106996,1155,0,2526,2352,7,-2352,0,0
Multihop 1 gateways,0.5,2978,27,40,1000000,215,3072,308558,1155,9,0,3005,7,7,51,0.999844
LoraWAN 1 gateways,0.5,879,12,40,1000000,215,2938,40434,1155,0,2047,891,7,0,0,0
LoraWAN 2 gateways,0.5,2530,33,40,1000000,215,2938,116380,1155,0,2938,2563,7,-2563,0,0
LoraWAN 3 gateways,0.5,2687,24,40,1000000,215,2938,123602,1155,0,2938,2711,7,-2711,0,0
Multihop 1 gateways,0.6,3293,132,40,1000000,215,3501,337293,1155,17,0,3425,7,5,54,0.999647
LoraWAN 1 gateways,0.6,945,14,40,1000000,215,3301,43470,1155,0,2342,959,7,0,0,0
LoraWAN 2 gateways,0.6,2854,30,40,1000000,215,3301,131284,1155,0,3301,2884,7,-2884,0,0
LoraWAN 3 gateways,0.6,3021,24,40,1000000,215,3301,138966,1155,0,3301,3045,7,-3045,0,0
Multihop 1 gateways,0.7,3619,116,40,1000000,215,3831,373008,1155,20,0,3735,7,7,69,0.999916
LoraWAN 1 gateways,0.7,1055,18,40,1000000,215,3585,48530,1155,0,2512,1073,7,0,0,0
LoraWAN 2 gateways,0.7,3089,40,40,1000000,215,3585,142094,1155,0,3585,3129,7,-3129,0,0
LoraWAN 3 gateways,0.7,3276,38,40,1000000,215,3585,150696,1155,0,3585,3314,7,-3314,0,0
Multihop 1 gateways,0.8,3996,66,40,1000000,215,4197,404924,1155,19,0,4062,7,10,106,0.999525
LoraWAN 1 gateways,0.8,1155,8,40,1000000,215,3887,53130,1155,0,2724,1163,7,0,0,0
LoraWAN 2 gateways,0.8,3356,73,40,1000000,215,3887,154376,1155,0,3887,3429,7,-3429,0,0
LoraWAN 3 gateways,0.8,3537,75,40,1000000,215,3887,162702,1155,0,3887,3612,7,-3612,0,0
Multihop 1 gateways,0.9,4194,177,40,1000000,215,4514,429095,1155,26,0,4371,7,18,99,0.999623
LoraWAN 1 gateways,0.9,1267,4,40,1000000,215,4149,58282,1155,0,2878,1271,7,0,0,0
LoraWAN 2 gateways,0.9,3548,79,40,1000000,215,4149,163208,1155,0,4149,3627,7,-3627,0,0
LoraWAN 3 gateways,0.9,3765,70,40,1000000,215,4149,173190,1155,0,4149,3835,7,-3835,0,0
Multihop 1 gateways,1,4584,82,40,1000000,215,4834,466153,1155,33,0,4666,7,15,120,0.999531
LoraWAN 1 gateways,1,1298,10,40,1000000,215,4361,59708,1155,0,3053,1308,7,0,0,0
LoraWAN 2 gateways,1,3754,65,40,1000000,215,4361,172684,1155,0,4361,3820,7,-3819,0,0
LoraWAN 3 gateways,1,3965,73,40,1000000,215,4361,182390,1155,0,4361,4039,7,-4038,0,0
Multihop 1 gateways,0.1,753,0,40,1000000,215,760,98046,1155,1,0,753,7,0,6,0.999966
LoraWAN 1 gateways,0.1,211,0,40,1000000,215,758,9706,1155,0,547,211,7,0,0,0
LoraWAN 2 gateways,0.1,559,1,40,1000000,215,758,25714,1155,0,758,560,7,-560,0,0
LoraWAN 3 gateways,0.1,682,1,40,1000000,215,758,31372,1155,0,758,683,7,-683,0,0
Multihop 1 gateways,0.2,1403,26,40,1000000,215,1448,184353,1155,0,0,1429,7,2,17,0.999608
LoraWAN 1 gateways,0.2,403,4,40,1000000,215,1434,18538,1155,0,1027,407,7,0,0,0
LoraWAN 2 gateways,0.2,1031,7,40,1000000,215,1434,47426,1155,0,1434,1038,7,-1038,0,0
LoraWAN 3 gateways,0.2,1270,14,40,1000000,215,1434,58420,1155,0,1434,1279,7,-1284,0,0
Multihop 1 gateways,0.3,1987,36,40,1000000,215,2058,250066,1155,2,0,2023,7,0,33,0.999327
LoraWAN 1 gateways,0.3,605,8,40,1000000,215,2016,27830,1155,0,1403,613,7,0,0,0
LoraWAN 2 gateways,0.3,1460,5,40,1000000,215,2016,67160,1155,0,2016,1465,7,-1465,0,0
LoraWAN 3 gateways,0.3,1808,19,40,1000000,215,2016,83168,1155,0,2016,1820,7,-1827,0,0
Multihop 1 gateways,0.4,2514,39,40,1000000,215,2627,324013,1155,6,0,2553,7,7,61,0.999681
LoraWAN 1 gateways,0.4,727,20,40,1000000,215,2526,33442,1155,0,1779,747,7,0,0,0
LoraWAN 2 gateways,0.4,1821,12,40,1000000,215,2526,83766,1155,0,2526,1833,7,-1833,0,0
LoraWAN 3 gateways,0.4,2268,15,40,1000000,215,2526,104328,1155,0,2526,2277,7,-2283,0,0
Multihop 1 gateways,0.5,2926,88,40,1000000,215,3114,373609,1155,10,0,3014,7,8,82,0.999695
LoraWAN 1 gateways,0.5,903,2,40,1000000,215,2938,41538,1155,0,2033,905,7,0,0,0
LoraWAN 2 gateways,0.5,2106,14,40,1000000,215,2938,96876,1155,0,2938,2120,7,-2120,0,0
LoraWAN 3 gateways,0.5,2629,35,40,1000000,215,2938,120934,1155,0,2938,2649,7,-2664,0,0
Multihop 1 gateways,0.6,3217,218,40,1000000,215,3554,411330,1155,7,0,3435,7,5,107,0.998288
LoraWAN 1 gateways,0.6,980,6,40,1000000,215,3301,45080,1155,0,2315,986,7,0,0,0
LoraWAN 2 gateways,0.6,2390,24,40,1000000,215,3301,109940,1155,0,3301,2414,7,-2414,0,0
LoraWAN 3 gateways,0.6,2950,32,40,1000000,215,3301,135700,1155,0,3301,2971,7,-2982,0,0
Multihop 1 gateways,0.7,3545,204,40,1000000,215,3920,449814,1155,14,0,3749,7,4,153,0.99598
LoraWAN 1 gateways,0.7,1068,6,40,1000000,215,3585,49128,1155,0,2511,1074,7,0,0,0
LoraWAN 2 gateways,0.7,2564,32,40,1000000,215,3585,117944,1155,0,3585,2596,7,-2596,0,0
LoraWAN 3 gateways,0.7,3190,59,40,1000000,215,3585,146740,1155,0,3585,3226,7,-3249,0,0
Multihop 1 gateways,0.8,4072,78,40,1000000,215,4312,513992,1155,19,0,4150,7,7,136,0.999031
LoraWAN 1 gateways,0.8,1139,12,40,1000000,215,3887,52394,1155,0,2736,1151,7,0,0,0
LoraWAN 2 gateways,0.8,2766,28,40,1000000,215,3887,127236,1155,0,3887,2794,7,-2794,0,0
LoraWAN 3 gateways,0.8,3436,49,40,1000000,215,3887,158056,1155,0,3887,3472,7,-3485,0,0
Multihop 1 gateways,0.9,4325,142,40,1000000,215,4652,549162,1155,15,0,4467,7,8,162,0.999448
LoraWAN 1 gateways,0.9,1244,8,40,1000000,215,4149,57224,1155,0,2897,1252,7,0,0,0
LoraWAN 2 gateways,0.9,2979,16,40,1000000,215,4149,137034,1155,0,4149,2995,7,-2995,0,0
LoraWAN 3 gateways,0.9,3682,59,40,1000000,215,4149,169372,1155,0,4149,3725,7,-3741,0,0
Multihop 1 gateways,1,4651,79,40,1000000,215,4979,588502,1155,27,0,4730,7,14,208,0.998027
LoraWAN 1 gateways,1,1276,20,40,1000000,215,4361,58696,1155,0,3065,1296,7,0,0,0
LoraWAN 2 gateways,1,3136,26,40,1000000,215,4361,144256,1155,0,4361,3163,7,-3162,0,0
LoraWAN 3 gateways,1,3894,51,40,1000000,215,4361,179124,1155,0,4361,3937,7,-3945,0,0
Multihop 1 gateways,0.1,748,4,40,1000000,215,760,99592,1155,0,0,752,7,1,7,0.999823
LoraWAN 1 gateways,0.1,202,0,40,1000000,215,758,9292,1155,0,556,202,7,0,0,0
LoraWAN 2 gateways,0.1,537,1,40,1000000,215,758,24702,1155,0,758,538,7,-538,0,0
LoraWAN 3 gateways,0.1,739,0,40,1000000,215,758,33994,1155,0,758,739,7,-739,0,0
Multihop 1 gateways,0.2,1401,2,40,1000000,215,1447,176558,1155,11,0,1403,7,1,32,0.997768
LoraWAN 1 gateways,0.2,388,0,40,1000000,215,1434,17848,1155,0,1046,388,7,0,0,0
LoraWAN 2 gateways,0.2,999,5,40,1000000,215,1434,45954,1155,0,1434,1004,7,-1004,0,0
LoraWAN 3 gateways,0.2,1390,8,40,1000000,215,1434,63940,1155,0,1434,1398,7,-1398,0,0
Multihop 1 gateways,0.3,1961,20,40,1000000,215,2056,251341,1155,10,0,1981,7,1,64,0.998994
LoraWAN 1 gateways,0.3,539,0,40,1000000,215,2016,24794,1155,0,1477,539,7,0,0,0
LoraWAN 2 gateways,0.3,1378,11,40,1000000,215,2016,63388,1155,0,2016,1389,7,-1389,0,0
LoraWAN 3 gateways,0.3,1956,7,40,1000000,215,2016,89976,1155,0,2016,1963,7,-1963,0,0
Multihop 1 gateways,0.4,2418,64,40,1000000,215,2608,303971,1155,38,0,2482,7,1,87,0.99747
LoraWAN 1 gateways,0.4,688,8,40,1000000,215,2526,31648,1155,0,1830,696,7,0,0,0
LoraWAN 2 gateways,0.4,1750,11,40,1000000,215,2526,80500,1155,0,2526,1761,7,-1761,0,0
LoraWAN 3 gateways,0.4,2445,15,40,1000000,215,2526,112470,1155,0,2526,2460,7,-2460,0,0
Multihop 1 gateways,0.5,2791,114,40,1000000,215,3097,354335,1155,58,0,2905,7,3,131,0.997201
LoraWAN 1 gateways,0.5,793,6,40,1000000,215,2938,36478,1155,0,2139,799,7,0,0,0
LoraWAN 2 gateways,0.5,2040,13,40,1000000,215,2938,93840,1155,0,2938,2053,7,-2053,0,0
LoraWAN 3 gateways,0.5,2847,12,40,1000000,215,2938,130962,1155,0,2938,2859,7,-2859,0,0
Multihop 1 gateways,0.6,3222,82,40,1000000,215,3520,405201,1155,72,0,3304,7,3,141,0.99583
LoraWAN 1 gateways,0.6,880,8,40,1000000,215,3301,40480,1155,0,2413,888,7,0,0,0
LoraWAN 2 gateways,0.6,2303,15,40,1000000,215,3301,105938,1155,0,3301,2318,7,-2318,0,0
LoraWAN 3 gateways,0.6,3186,35,40,1000000,215,3301,146556,1155,0,3301,3221,7,-3221,0,0
Multihop 1 gateways,0.7,3590,34,40,1000000,215,3888,446651,1155,65,0,3624,7,4,195,0.997498
LoraWAN 1 gateways,0.7,989,6,40,1000000,215,3585,45494,1155,0,2590,995,7,0,0,0
LoraWAN 2 gateways,0.7,2505,26,40,1000000,215,3585,115230,1155,0,3585,2531,7,-2531,0,0
LoraWAN 3 gateways,0.7,3460,38,40,1000000,215,3585,159160,1155,0,3585,3498,7,-3498,0,0
Multihop 1 gateways,0.8,3808,94,40,1000000,215,4256,466153,1155,88,0,3902,7,6,260,0.989073
LoraWAN 1 gateways,0.8,1056,18,40,1000000,215,3887,48576,1155,0,2813,1074,7,0,0,0
LoraWAN 2 gateways,0.8,2705,27,40,1000000,215,3887,124430,1155,0,3887,2732,7,-2732,0,0
LoraWAN 3 gateways,0.8,3763,23,40,1000000,215,3887,173098,1155,0,3887,3786,7,-3786,0,0
Multihop 1 gateways,0.9,4175,82,40,1000000,215,4603,522391,1155,74,0,4257,7,8,264,0.994131
LoraWAN 1 gateways,0.9,1120,4,40,1000000,215,4149,51520,1155,0,3025,1124,7,0,0,0
LoraWAN 2 gateways,0.9,2886,27,40,1000000,215,4149,132756,1155,0,4149,2913,7,-2913,0,0
LoraWAN 3 gateways,0.9,4014,29,40,1000000,215,4149,184644,1155,0,4149,4043,7,-4043,0,0
Multihop 1 gateways,1,4335,170,40,1000000,215,4914,533515,1155,140,0,4505,7,14,255,0.995621
LoraWAN 1 gateways,1,1170,28,40,1000000,215,4361,53820,1155,0,3163,1198,7,0,0,0
LoraWAN 2 gateways,1,3047,33,40,1000000,215,4361,140162,1155,0,4361,3081,7,-3080,0,0
LoraWAN 3 gateways,1,4206,44,40,1000000,215,4361,193476,1155,0,4361,4251,7,-4250,0,0
Multihop 1 gateways,0.1,754,0,40,1000000,215,759,74248,1155,2,0,754,7,0,3,0.999979
LoraWAN 1 gateways,0.1,246,0,40,1000000,215,758,11316,1155,0,512,246,7,0,0,0
LoraWAN 2 gateways,0.1,587,1,40,1000000,215,758,27002,1155,0,758,588,7,-588,0,0
LoraWAN 3 gateways,0.1,754,4,40,1000000,215,758,34684,1155,0,758,758,7,-758,0,0
Multihop 1 gateways,0.2,1401,22,40,1000000,215,1444,137266,1155,8,0,1424,7,1,12,0.99974
LoraWAN 1 gateways,0.2,448,4,40,1000000,215,1434,20608,1155,0,982,452,7,0,0,0
LoraWAN 2 gateways,0.2,1106,8,40,1000000,215,1434,50876,1155,0,1434,1114,7,-1114,0,0
LoraWAN 3 gateways,0.2,1425,9,40,1000000,215,1434,65550,1155,0,1434,1434,7,-1434,0,0
Multihop 1 gateways,0.3,2008,11,40,1000000,215,2043,199621,1155,6,0,2019,7,0,18,0.999915
LoraWAN 1 gateways,0.3,639,8,40,1000000,215,2016,29394,1155,0,1369,647,7,0,0,0
LoraWAN 2 gateways,0.3,1532,12,40,1000000,215,2016,70472,1155,0,2016,1544,7,-1544,0,0
LoraWAN 3 gateways,0.3,2008,8,40,1000000,215,2016,92368,1155,0,2016,2016,7,-2016,0,0
Multihop 1 gateways,0.4,2535,18,40,1000000,215,2593,247171,1155,10,0,2553,7,1,29,0.999827
LoraWAN 1 gateways,0.4,803,2,40,1000000,215,2526,36938,1155,0,1721,805,7,0,0,0
LoraWAN 2 gateways,0.4,1923,21,40,1000000,215,2526,88458,1155,0,2526,1944,7,-1944,0,0
LoraWAN 3 gateways,0.4,2514,12,40,1000000,215,2526,115644,1155,0,2526,2526,7,-2526,0,0
Multihop 1 gateways,0.5,2883,129,40,1000000,215,3053,280790,1155,6,0,3012,7,0,35,0.999248
LoraWAN 1 gateways,0.5,960,6,40,1000000,215,2938,44160,1155,0,1972,966,7,0,0,0
LoraWAN 2 gateways,0.5,2233,39,40,1000000,215,2938,102718,1155,0,2938,2272,7,-2272,0,0
LoraWAN 3 gateways,0.5,2918,20,40,1000000,215,2938,134228,1155,0,2938,2938,7,-2938,0,0
Multihop 1 gateways,0.6,3320,97,40,1000000,215,3480,321419,1155,30,0,3417,7,0,33,0.998864
LoraWAN 1 gateways,0.6,1056,12,40,1000000,215,3301,48576,1155,0,2233,1068,7,0,0,0
LoraWAN 2 gateways,0.6,2547,26,40,1000000,215,3301,117162,1155,0,3301,2573,7,-2573,0,0
LoraWAN 3 gateways,0.6,3273,28,40,1000000,215,3301,150558,1155,0,3301,3301,7,-3301,0,0
Multihop 1 gateways,0.7,3667,76,40,1000000,215,3823,350056,1155,22,0,3743,7,1,57,0.999815
LoraWAN 1 gateways,0.7,1160,12,40,1000000,215,3585,53360,1155,0,2413,1172,7,0,0,0
LoraWAN 2 gateways,0.7,2760,29,40,1000000,215,3585,126960,1155,0,3585,2789,7,-2789,0,0
LoraWAN 3 gateways,0.7,3526,59,40,1000000,215,3585,162196,1155,0,3585,3585,7,-3585,0,0
Multihop 1 gateways,0.8,3897,174,40,1000000,215,4177,372269,1155,26,0,4071,7,2,78,0.999573
LoraWAN 1 gateways,0.8,1251,8,40,1000000,215,3887,57546,1155,0,2628,1259,7,0,0,0
LoraWAN 2 gateways,0.8,2959,38,40,1000000,215,3887,136114,1155,0,3887,2997,7,-2997,0,0
LoraWAN 3 gateways,0.8,3844,43,40,1000000,215,3887,176824,1155,0,3887,3887,7,-3887,0,0
Multihop 1 gateways,0.9,4260,152,40,1000000,215,4503,409423,1155,20,0,4412,7,2,69,0.999552
LoraWAN 1 gateways,0.9,1340,20,40,1000000,215,4149,61640,1155,0,2789,1360,7,0,0,0
LoraWAN 2 gateways,0.9,3179,38,40,1000000,215,4149,146234,1155,0,4149,3217,7,-3217,0,0
LoraWAN 3 gateways,0.9,4097,52,40,1000000,215,4149,188462,1155,0,4149,4149,7,-4149,0,0
Multihop 1 gateways,1,4564,76,40,1000000,215,4773,435070,1155,56,0,4640,7,1,76,0.999611
LoraWAN 1 gateways,1,1364,47,40,1000000,215,4361,62744,1155,0,2950,1411,7,0,0,0
LoraWAN 2 gateways,1,3316,51,40,1000000,215,4361,152536,1155,0,4361,3368,7,-3367,0,0
LoraWAN 3 gateways,1,4309,51,40,1000000,215,4361,198214,1155,0,4361,4361,7,-4360,0,0
Multihop 1 gateways,0.1,746,4,40,1000000,215,760,73668,1155,4,0,750,7,1,5,0.999822
LoraWAN 1 gateways,0.1,242,0,40,1000000,215,758,11132,1155,0,516,242,7,0,0,0
LoraWAN 2 gateways,0.1,442,4,40,1000000,215,758,20332,1155,0,758,446,7,-446,0,0
LoraWAN 3 gateways,0.1,658,4,40,1000000,215,758,30268,1155,0,758,662,7,-662,0,0
Multihop 1 gateways,0.2,1388,36,40,1000000,215,1444,139253,1155,8,0,1424,7,1,11,0.99926
LoraWAN 1 gateways,0.2,479,4,40,1000000,215,1434,22034,1155,0,951,483,7,0,0,0
LoraWAN 2 gateways,0.2,817,7,40,1000000,215,1434,37582,1155,0,1434,824,7,-824,0,0
LoraWAN 3 gateways,0.2,1243,8,40,1000000,215,1434,57178,1155,0,1434,1251,7,-1251,0,0
Multihop 1 gateways,0.3,1973,28,40,1000000,215,2043,196307,1155,8,0,2001,7,4,30,0.997378
LoraWAN 1 gateways,0.3,688,4,40,1000000,215,2016,31648,1155,0,1324,692,7,0,0,0
LoraWAN 2 gateways,0.3,1118,12,40,1000000,215,2016,51428,1155,0,2016,1130,7,-1130,0,0
LoraWAN 3 gateways,0.3,1755,15,40,1000000,215,2016,80730,1155,0,2016,1770,7,-1770,0,0
Multihop 1 gateways,0.4,2466,52,40,1000000,215,2586,243920,1155,28,0,2518,7,4,36,0.999674
LoraWAN 1 gateways,0.4,862,4,40,1000000,215,2526,39652,1155,0,1660,866,7,0,0,0
LoraWAN 2 gateways,0.4,1475,16,40,1000000,215,2526,67850,1155,0,2526,1491,7,-1491,0,0
LoraWAN 3 gateways,0.4,2198,13,40,1000000,215,2526,101108,1155,0,2526,2211,7,-2211,0,0
Multihop 1 gateways,0.5,2878,83,40,1000000,215,3041,288352,1155,25,0,2961,7,8,47,0.997582
LoraWAN 1 gateways,0.5,1022,21,40,1000000,215,2938,47012,1155,0,1895,1043,7,0,0,0
LoraWAN 2 gateways,0.5,1679,23,40,1000000,215,2938,77234,1155,0,2938,1702,7,-1702,0,0
LoraWAN 3 gateways,0.5,2561,25,40,1000000,215,2938,117806,1155,0,2938,2586,7,-2586,0,0
Multihop 1 gateways,0.6,3324,60,40,1000000,215,3467,331493,1155,19,0,3384,7,5,59,0.998947
LoraWAN 1 gateways,0.6,1119,10,40,1000000,215,3301,51474,1155,0,2172,1129,7,0,0,0
LoraWAN 2 gateways,0.6,1856,17,40,1000000,215,3301,85376,1155,0,3301,1873,7,-1873,0,0
LoraWAN 3 gateways,0.6,2860,22,40,1000000,215,3301,131560,1155,0,3301,2882,7,-2882,0,0
Multihop 1 gateways,0.7,3577,85,40,1000000,215,3797,348213,1155,43,0,3662,7,7,85,0.996742
LoraWAN 1 gateways,0.7,1242,30,40,1000000,215,3585,57132,1155,0,2313,1272,7,0,0,0
LoraWAN 2 gateways,0.7,2027,24,40,1000000,215,3585,93242,1155,0,3585,2051,7,-2051,0,0
LoraWAN 3 gateways,0.7,3102,16,40,1000000,215,3585,142692,1155,0,3585,3118,7,-3118,0,0
Multihop 1 gateways,0.8,3784,221,40,1000000,215,4150,366658,1155,27,0,4005,7,14,104,0.995957
LoraWAN 1 gateways,0.8,1339,18,40,1000000,215,3887,61594,1155,0,2530,1357,7,0,0,0
LoraWAN 2 gateways,0.8,2226,19,40,1000000,215,3887,102396,1155,0,3887,2245,7,-2245,0,0
LoraWAN 3 gateways,0.8,3375,35,40,1000000,215,3887,155250,1155,0,3887,3410,7,-3410,0,0
Multihop 1 gateways,0.9,4140,138,40,1000000,215,4474,403258,1155,74,0,4278,7,14,108,0.995321
LoraWAN 1 gateways,0.9,1437,8,40,1000000,215,4149,66102,1155,0,2704,1445,7,0,0,0
LoraWAN 2 gateways,0.9,2351,30,40,1000000,215,4149,108146,1155,0,4149,2381,7,-2381,0,0
LoraWAN 3 gateways,0.9,3599,34,40,1000000,215,4149,165554,1155,0,4149,3633,7,-3633,0,0
Multihop 1 gateways,1,4458,100,40,1000000,215,4749,432563,1155,58,0,4558,7,14,119,0.996447
LoraWAN 1 gateways,1,1516,8,40,1000000,215,4361,69736,1155,0,2837,1524,7,0,0,0
LoraWAN 2 gateways,1,2486,27,40,1000000,215,4361,114356,1155,0,4361,2513,7,-2513,0,0
LoraWAN 3 gateways,1,3788,25,40,1000000,215,4361,174248,1155,0,4361,3814,7,-3813,0,0
