case,rate,decoded,non_decoded,nodes_number,life_time,maximum_trans,gen_packets,delay,max_delay,interference_in_node,out_of_range_in_ge,in_range_in_ge,max_sf,time_out,drop_p_async,fairness
Multihop 1 gateways,0.1,1137,12,60,1000000,215,1158,127293,1155,2,0,1149,7,0,7,0.999905
LoraWAN 1 gateways,0.1,327,4,60,1000000,215,1154,15042,1155,0,823,331,7,0,0,0
LoraWAN 2 gateways,0.1,917,3,60,1000000,215,1154,42182,1155,0,1154,920,7,-920,0,0
LoraWAN 3 gateways,0.1,1090,4,60,1000000,215,1154,50140,1155,0,1154,1092,7,-1094,0,0
Multihop 1 gateways,0.2,2113,28,60,1000000,215,2164,240363,1155,6,0,2141,7,4,13,0.999826
LoraWAN 1 gateways,0.2,566,6,60,1000000,215,2145,26036,1155,0,1573,572,7,0,0,0
LoraWAN 2 gateways,0.2,1700,7,60,1000000,215,2145,78200,1155,0,2145,1708,7,-1707,0,0
LoraWAN 3 gateways,0.2,2035,3,60,1000000,215,2145,93610,1155,0,2145,2039,7,-2038,0,0
Multihop 1 gateways,0.3,2913,70,60,1000000,215,3062,326375,1155,29,0,2983,7,4,46,0.998973
LoraWAN 1 gateways,0.3,792,6,60,1000000,215,2997,36432,1155,0,2199,798,7,0,0,0
LoraWAN 2 gateways,0.3,2391,17,60,1000000,215,2997,109986,1155,0,2997,2408,7,-2408,0,0
LoraWAN 3 gateways,0.3,2835,17,60,1000000,215,2997,130410,1155,0,2997,2849,7,-2852,0,0
Multihop 1 gateways,0.4,3733,30,60,1000000,215,3866,419000,1155,24,0,3764,7,7,72,0.999017
LoraWAN 1 gateways,0.4,983,8,60,1000000,215,3743,45218,1155,0,2752,991,7,0,0,0
LoraWAN 2 gateways,0.4,2965,34,60,1000000,215,3743,136390,1155,0,3743,2999,7,-2999,0,0
LoraWAN 3 gateways,0.4,3533,27,60,1000000,215,3743,162518,1155,0,3743,3558,7,-3560,0,0
Multihop 1 gateways,0.5,4250,161,60,1000000,215,4555,470137,1155,31,0,4411,7,4,109,0.997567
LoraWAN 1 gateways,0.5,1181,8,60,1000000,215,4360,54326,1155,0,3171,1189,7,0,0,0
LoraWAN 2 gateways,0.5,3466,37,60,1000000,215,4360,159436,1155,0,4360,3503,7,-3503,0,0
LoraWAN 3 gateways,0.5,4118,25,60,1000000,215,4360,189428,1155,0,4360,4138,7,-4143,0,0
Multihop 1 gateways,0.6,4804,173,60,1000000,215,5187,529687,1155,52,0,4977,7,12,146,0.99802
LoraWAN 1 gateways,0.6,1305,14,60,1000000,215,4902,60030,1155,0,3583,1319,7,0,0,0
LoraWAN 2 gateways,0.6,3898,48,60,1000000,215,4902,179308,1155,0,4902,3946,7,-3946,0,0
LoraWAN 3 gateways,0.6,4641,51,60,1000000,215,4902,213486,1155,0,4902,4681,7,-4692,0,0
Multihop 1 gateways,0.7,5322,179,60,1000000,215,5737,589753,1155,66,0,5501,7,6,164,0.999571
LoraWAN 1 gateways,0.7,1391,36,60,1000000,215,5371,63986,1155,0,3944,1427,7,0,0,0
LoraWAN 2 gateways,0.7,4216,60,60,1000000,215,5371,193936,1155,0,5371,4277,7,-4276,0,0
LoraWAN 3 gateways,0.7,5053,53,60,1000000,215,5371,232438,1155,0,5371,5096,7,-5106,0,0
Multihop 1 gateways,0.8,5832,180,60,1000000,215,6286,639808,1155,60,0,6012,7,25,189,0.994753
LoraWAN 1 gateways,0.8,1554,10,60,1000000,215,5807,71484,1155,0,4243,1564,7,0,0,0
LoraWAN 2 gateways,0.8,4583,71,60,1000000,215,5807,210818,1155,0,5807,4654,7,-4654,0,0
LoraWAN 3 gateways,0.8,5469,58,60,1000000,215,5807,251574,1155,0,5807,5509,7,-5527,0,0
Multihop 1 gateways,0.9,6057,360,60,1000000,215,6767,660197,1155,93,0,6417,7,14,243,0.998338
LoraWAN 1 gateways,0.9,1640,10,60,1000000,215,6197,75440,1155,0,4547,1650,7,0,0,0
LoraWAN 2 gateways,0.9,4906,64,60,1000000,215,6197,225676,1155,0,6197,4971,7,-4970,0,0
LoraWAN 3 gateways,0.9,5834,56,60,1000000,215,6197,268364,1155,0,6197,5879,7,-5890,0,0
Multihop 1 gateways,1,6629,268,60,1000000,215,7254,717474,1155,73,0,6898,7,24,260,0.996584
LoraWAN 1 gateways,1,1701,46,60,1000000,215,6541,78246,1155,0,4794,1747,7,0,0,0
LoraWAN 2 gateways,1,5180,75,60,1000000,215,6541,238280,1155,0,6541,5256,7,-5255,0,0
LoraWAN 3 gateways,1,6171,73,60,1000000,215,6541,283866,1155,0,6541,6219,7,-6244,0,0
Multihop 1 gateways,0.1,1141,4,60,1000000,215,1158,128805,1155,4,0,1145,7,2,7,0.999937
LoraWAN 1 gateways,0.1,320,2,60,1000000,215,1154,14720,1155,0,832,322,7,0,0,0
LoraWAN 2 gateways,0.1,903,9,60,1000000,215,1154,41538,1155,0,1154,912,7,-912,0,0
LoraWAN 3 gateways,0.1,1108,2,60,1000000,215,1154,50968,1155,0,1154,1110,7,-1110,0,0
Multihop 1 gateways,0.2,2096,28,60,1000000,215,2165,235910,1155,16,0,2124,7,2,23,0.999717
LoraWAN 1 gateways,0.2,555,2,60,1000000,215,2145,25530,1155,0,1588,557,7,0,0,0
LoraWAN 2 gateways,0.2,1739,22,60,1000000,215,2145,79994,1155,0,2145,1762,7,-1761,0,0
LoraWAN 3 gateways,0.2,2058,16,60,1000000,215,2145,94668,1155,0,2145,2074,7,-2074,0,0
Multihop 1 gateways,0.3,2891,87,60,1000000,215,3062,322184,1155,19,0,2978,7,8,57,0.999889
LoraWAN 1 gateways,0.3,803,8,60,1000000,215,2997,36938,1155,0,2186,811,7,0,0,0
LoraWAN 2 gateways,0.3,2433,28,60,1000000,215,2997,111918,1155,0,2997,2461,7,-2461,0,0
LoraWAN 3 gateways,0.3,2881,18,60,1000000,215,2997,132526,1155,0,2997,2898,7,-2899,0,0
Multihop 1 gateways,0.4,3697,42,60,1000000,215,3866,414688,1155,18,0,3740,7,15,94,0.99975
LoraWAN 1 gateways,0.4,950,16,60,1000000,215,3743,43700,1155,0,2777,966,7,0,0,0
LoraWAN 2 gateways,0.4,3046,51,60,1000000,215,3743,140116,1155,0,3743,3097,7,-3097,0,0
LoraWAN 3 gateways,0.4,3595,39,60,1000000,215,3743,165370,1155,0,3743,3632,7,-3634,0,0
Multihop 1 gateways,0.5,4257,120,60,1000000,215,4555,468913,1155,27,0,4377,7,23,128,0.999281
LoraWAN 1 gateways,0.5,1182,24,60,1000000,215,4360,54372,1155,0,3154,1206,7,0,0,0
LoraWAN 2 gateways,0.5,3491,83,60,1000000,215,4360,160586,1155,0,4360,3574,7,-3574,0,0
LoraWAN 3 gateways,0.5,4152,69,60,1000000,215,4360,190992,1155,0,4360,4219,7,-4221,0,0
Multihop 1 gateways,0.6,4544,441,60,1000000,215,5187,493329,1155,34,0,4985,7,29,139,0.998116
LoraWAN 1 gateways,0.6,1290,14,60,1000000,215,4902,59340,1155,0,3598,1304,7,0,0,0
LoraWAN 2 gateways,0.6,3906,82,60,1000000,215,4902,179676,1155,0,4902,3988,7,-3988,0,0
LoraWAN 3 gateways,0.6,4651,78,60,1000000,215,4902,213946,1155,0,4902,4717,7,-4729,0,0
Multihop 1 gateways,0.7,5278,187,60,1000000,215,5727,578884,1155,37,0,5465,7,46,179,0.999356
LoraWAN 1 gateways,0.7,1425,16,60,1000000,215,5371,65550,1155,0,3929,1442,7,1,0,0
LoraWAN 2 gateways,0.7,4282,80,60,1000000,215,5371,196972,1155,0,5371,4363,7,-4362,0,0
LoraWAN 3 gateways,0.7,5089,100,60,1000000,215,5371,234094,1155,0,5371,5190,7,-5189,0,0
Multihop 1 gateways,0.8,5611,357,60,1000000,215,6284,613235,1155,56,0,5969,7,47,213,0.998857
LoraWAN 1 gateways,0.8,1538,20,60,1000000,215,5807,70748,1155,0,4249,1558,7,0,0,0
LoraWAN 2 gateways,0.8,4632,117,60,1000000,215,5807,213072,1155,0,5807,4749,7,-4749,0,0
LoraWAN 3 gateways,0.8,5507,112,60,1000000,215,5807,253322,1155,0,5807,5614,7,-5619,0,0
Multihop 1 gateways,0.9,6200,197,60,1000000,215,6771,672522,1155,77,0,6397,7,53,244,0.998529
LoraWAN 1 gateways,0.9,1616,20,60,1000000,215,6197,74336,1155,0,4561,1636,7,0,0,0
LoraWAN 2 gateways,0.9,4946,121,60,1000000,215,6197,227516,1155,0,6197,5068,7,-5067,0,0
LoraWAN 3 gateways,0.9,5873,120,60,1000000,215,6197,270158,1155,0,6197,5984,7,-5993,0,0
Multihop 1 gateways,1,6549,265,60,1000000,215,7225,710035,1155,70,0,6814,7,55,286,0.999226
LoraWAN 1 gateways,1,1702,34,60,1000000,215,6541,78292,1155,0,4805,1736,7,0,0,0
LoraWAN 2 gateways,1,5213,124,60,1000000,215,6541,239798,1155,0,6541,5337,7,-5337,0,0
LoraWAN 3 gateways,1,6184,146,60,1000000,215,6541,284464,1155,0,6541,6324,7,-6330,0,0
Multihop 1 gateways,0.1,1136,12,60,1000000,215,1158,130551,1155,3,0,1148,7,0,7,0.999169
LoraWAN 1 gateways,0.1,386,0,60,1000000,215,1154,17756,1155,0,768,386,7,0,0,0
LoraWAN 2 gateways,0.1,578,3,60,1000000,215,1154,26588,1155,0,1154,581,7,-581,0,0
LoraWAN 3 gateways,0.1,980,1,60,1000000,215,1154,45080,1155,0,1154,981,7,-981,0,0
Multihop 1 gateways,0.2,2108,32,60,1000000,215,2166,246779,1155,6,0,2140,7,3,17,0.999828
LoraWAN 1 gateways,0.2,654,6,60,1000000,215,2145,30084,1155,0,1485,660,7,0,0,0
LoraWAN 2 gateways,0.2,1080,7,60,1000000,215,2145,49680,1155,0,2145,1087,7,-1087,0,0
LoraWAN 3 gateways,0.2,1819,4,60,1000000,215,2145,83674,1155,0,2145,1823,7,-1823,0,0
Multihop 1 gateways,0.3,2932,66,60,1000000,215,3062,342570,1155,8,0,2998,7,2,54,0.998999
LoraWAN 1 gateways,0.3,953,6,60,1000000,215,2997,43838,1155,0,2038,959,7,0,0,0
LoraWAN 2 gateways,0.3,1545,4,60,1000000,215,2997,71070,1155,0,2997,1549,7,-1549,0,0
LoraWAN 3 gateways,0.3,2525,8,60,1000000,215,2997,116150,1155,0,2997,2533,7,-2533,0,0
Multihop 1 gateways,0.4,3635,148,60,1000000,215,3876,419030,1155,20,0,3783,7,9,64,0.998287
LoraWAN 1 gateways,0.4,1151,26,60,1000000,215,3743,52946,1155,0,2566,1177,7,0,0,0
LoraWAN 2 gateways,0.4,1911,11,60,1000000,215,3743,87906,1155,0,3743,1922,7,-1922,0,0
LoraWAN 3 gateways,0.4,3149,26,60,1000000,215,3743,144854,1155,0,3743,3173,7,-3175,0,0
Multihop 1 gateways,0.5,4245,187,60,1000000,215,4570,486723,1155,15,0,4432,7,11,112,0.99731
LoraWAN 1 gateways,0.5,1404,20,60,1000000,215,4360,64584,1155,0,2936,1424,7,0,0,0
LoraWAN 2 gateways,0.5,2224,15,60,1000000,215,4360,102304,1155,0,4360,2239,7,-2239,0,0
LoraWAN 3 gateways,0.5,3663,33,60,1000000,215,4360,168498,1155,0,4360,3696,7,-3696,0,0
Multihop 1 gateways,0.6,4812,232,60,1000000,215,5210,554570,1155,30,0,5044,7,11,125,0.999356
LoraWAN 1 gateways,0.6,1498,32,60,1000000,215,4902,68908,1155,0,3372,1530,7,0,0,0
LoraWAN 2 gateways,0.6,2496,29,60,1000000,215,4902,114816,1155,0,4902,2525,7,-2525,0,0
LoraWAN 3 gateways,0.6,4145,31,60,1000000,215,4902,190670,1155,0,4902,4173,7,-4176,0,0
Multihop 1 gateways,0.7,5420,169,60,1000000,215,5775,621881,1155,34,0,5589,7,5,147,0.998097
LoraWAN 1 gateways,0.7,1685,14,60,1000000,215,5371,77510,1155,0,3671,1700,7,1,0,0
LoraWAN 2 gateways,0.7,2711,29,60,1000000,215,5371,124706,1155,0,5371,2741,7,-2740,0,0
LoraWAN 3 gateways,0.7,4530,35,60,1000000,215,5371,208380,1155,0,5371,4565,7,-4565,0,0
Multihop 1 gateways,0.8,5866,237,60,1000000,215,6355,674050,1155,69,0,6103,7,8,175,0.999218
LoraWAN 1 gateways,0.8,1825,26,60,1000000,215,5807,83950,1155,0,3956,1851,7,0,0,0
LoraWAN 2 gateways,0.8,2982,27,60,1000000,215,5807,137172,1155,0,5807,3009,7,-3009,0,0
LoraWAN 3 gateways,0.8,4868,74,60,1000000,215,5807,223928,1155,0,5807,4939,7,-4942,0,0
Multihop 1 gateways,0.9,6137,429,60,1000000,215,6815,695780,1155,42,0,6566,7,12,195,0.997194
LoraWAN 1 gateways,0.9,1917,34,60,1000000,215,6197,88182,1155,0,4246,1951,7,0,0,0
LoraWAN 2 gateways,0.9,3167,30,60,1000000,215,6197,145682,1155,0,6197,3198,7,-3197,0,0
LoraWAN 3 gateways,0.9,5229,46,60,1000000,215,6197,240534,1155,0,6197,5275,7,-5275,0,0
Multihop 1 gateways,1,6625,355,60,1000000,215,7302,757398,1155,53,0,6980,7,15,254,0.998072
LoraWAN 1 gateways,1,2040,46,60,1000000,215,6541,93840,1155,0,4455,2086,7,0,0,0
LoraWAN 2 gateways,1,3319,61,60,1000000,215,6541,152674,1155,0,6541,3380,7,-3380,0,0
LoraWAN 3 gateways,1,5535,54,60,1000000,215,6541,254610,1155,0,6541,5584,7,-5589,0,0
Multihop 1 gateways,0.1,1137,14,60,1000000,215,1158,114487,1155,0,0,1151,7,1,6,0.999896
LoraWAN 1 gateways,0.1,396,2,60,1000000,215,1154,18216,1155,0,756,398,7,0,0,0
LoraWAN 2 gateways,0.1,887,7,60,1000000,215,1154,40802,1155,0,1154,894,7,-894,0,0
LoraWAN 3 gateways,0.1,1025,4,60,1000000,215,1154,47150,1155,0,1154,1025,7,-1029,0,0
Multihop 1 gateways,0.2,2087,48,60,1000000,215,2158,207294,1155,5,0,2135,7,5,13,0.999275
LoraWAN 1 gateways,0.2,663,6,60,1000000,215,2145,30498,1155,0,1475,670,7,1,0,0
LoraWAN 2 gateways,0.2,1625,7,60,1000000,215,2145,74750,1155,0,2145,1633,7,-1632,0,0
LoraWAN 3 gateways,0.2,1869,13,60,1000000,215,2145,85974,1155,0,2145,1879,7,-1882,0,0
Multihop 1 gateways,0.3,2889,101,60,1000000,215,3049,285995,1155,26,0,2990,7,4,29,0.999901
LoraWAN 1 gateways,0.3,925,12,60,1000000,215,2997,42550,1155,0,2060,937,7,0,0,0
LoraWAN 2 gateways,0.3,2290,27,60,1000000,215,2997,105340,1155,0,2997,2317,7,-2317,0,0
LoraWAN 3 gateways,0.3,2643,33,60,1000000,215,2997,121578,1155,0,2997,2657,7,-2676,0,0
Multihop 1 gateways,0.4,3548,200,60,1000000,215,3843,347514,1155,30,0,3748,7,6,59,0.999305
LoraWAN 1 gateways,0.4,1144,18,60,1000000,215,3743,52624,1155,0,2581,1162,7,0,0,0
LoraWAN 2 gateways,0.4,2825,34,60,1000000,215,3743,129950,1155,0,3743,2859,7,-2859,0,0
LoraWAN 3 gateways,0.4,3265,52,60,1000000,215,3743,150190,1155,0,3743,3288,7,-3317,0,0
Multihop 1 gateways,0.5,4255,127,60,1000000,215,4528,416032,1155,31,0,4383,7,18,97,0.998624
LoraWAN 1 gateways,0.5,1374,20,60,1000000,215,4360,63204,1155,0,2966,1394,7,0,0,0
LoraWAN 2 gateways,0.5,3295,64,60,1000000,215,4360,151570,1155,0,4360,3359,7,-3359,0,0
LoraWAN 3 gateways,0.5,3841,50,60,1000000,215,4360,176686,1155,0,4360,3861,7,-3891,0,0
Multihop 1 gateways,0.6,4763,218,60,1000000,215,5137,462273,1155,45,0,4981,7,17,94,0.99872
LoraWAN 1 gateways,0.6,1581,26,60,1000000,215,4902,72726,1155,0,3295,1607,7,0,0,0
LoraWAN 2 gateways,0.6,3731,50,60,1000000,215,4902,171626,1155,0,4902,3781,7,-3781,0,0
LoraWAN 3 gateways,0.6,4299,77,60,1000000,215,4902,197754,1155,0,4902,4344,7,-4376,0,0
Multihop 1 gateways,0.7,5205,241,60,1000000,215,5659,502065,1155,60,0,5446,7,23,130,0.997425
LoraWAN 1 gateways,0.7,1671,20,60,1000000,215,5371,76866,1155,0,3680,1691,7,0,0,0
LoraWAN 2 gateways,0.7,4045,77,60,1000000,215,5371,186070,1155,0,5371,4122,7,-4122,0,0
LoraWAN 3 gateways,0.7,4710,95,60,1000000,215,5371,216660,1155,0,5371,4751,7,-4805,0,0
Multihop 1 gateways,0.8,5724,253,60,1000000,215,6199,557217,1155,54,0,5977,7,28,140,0.998368
LoraWAN 1 gateways,0.8,1822,24,60,1000000,215,5807,83812,1155,0,3961,1846,7,0,0,0
LoraWAN 2 gateways,0.8,4400,88,60,1000000,215,5807,202400,1155,0,5807,4488,7,-4488,0,0
LoraWAN 3 gateways,0.8,5120,107,60,1000000,215,5807,235520,1155,0,5807,5165,7,-5227,0,0
Multihop 1 gateways,0.9,6164,236,60,1000000,215,6664,593627,1155,79,0,6401,7,23,162,0.998502
LoraWAN 1 gateways,0.9,1946,18,60,1000000,215,6197,89516,1155,0,4232,1965,7,1,0,0
LoraWAN 2 gateways,0.9,4647,86,60,1000000,215,6197,213762,1155,0,6197,4734,7,-4733,0,0
LoraWAN 3 gateways,0.9,5385,152,60,1000000,215,6197,247710,1155,0,6197,5460,7,-5537,0,0
Multihop 1 gateways,1,6497,324,60,1000000,215,7106,619596,1155,80,0,6821,7,27,178,0.996432
LoraWAN 1 gateways,1,2031,36,60,1000000,215,6541,93426,1155,0,4474,2067,7,0,0,0
LoraWAN 2 gateways,1,4895,108,60,1000000,215,6541,225170,1155,0,6541,5003,7,-5003,0,0
LoraWAN 3 gateways,1,5687,169,60,1000000,215,6541,261602,1155,0,6541,5764,7,-5856,0,0
Multihop 1 gateways,0.1,1102,40,60,1000000,215,1158,137333,1155,6,0,1142,7,2,8,0.99955
LoraWAN 1 gateways,0.1,278,0,60,1000000,215,1154,12788,1155,0,876,278,7,0,0,0
LoraWAN 2 gateways,0.1,285,0,60,1000000,215,1154,13110,1155,0,1154,285,7,-285,0,0
LoraWAN 3 gateways,0.1,1056,0,60,1000000,215,1154,48576,1155,0,1154,1056,7,-1056,0,0
Multihop 1 gateways,0.2,2058,50,60,1000000,215,2166,253400,1155,17,0,2108,7,3,38,0.999275
LoraWAN 1 gateways,0.2,473,2,60,1000000,215,2145,21758,1155,0,1670,475,7,0,0,0
LoraWAN 2 gateways,0.2,546,2,60,1000000,215,2145,25116,1155,0,2145,548,7,-548,0,0
LoraWAN 3 gateways,0.2,1951,13,60,1000000,215,2145,89746,1155,0,2145,1964,7,-1964,0,0
Multihop 1 gateways,0.3,2908,60,60,1000000,215,3071,357108,1155,23,0,2968,7,4,76,0.999349
LoraWAN 1 gateways,0.3,710,4,60,1000000,215,2997,32660,1155,0,2283,714,7,0,0,0
LoraWAN 2 gateways,0.3,751,0,60,1000000,215,2997,34546,1155,0,2997,751,7,-751,0,0
LoraWAN 3 gateways,0.3,2746,14,60,1000000,215,2997,126316,1155,0,2997,2759,7,-2760,0,0
Multihop 1 gateways,0.4,3590,114,60,1000000,215,3874,439971,1155,40,0,3704,7,6,124,0.999222
LoraWAN 1 gateways,0.4,850,17,60,1000000,215,3743,39100,1155,0,2876,867,7,0,0,0
LoraWAN 2 gateways,0.4,930,1,60,1000000,215,3743,42780,1155,0,3743,931,7,-931,0,0
LoraWAN 3 gateways,0.4,3372,28,60,1000000,215,3743,155112,1155,0,3743,3399,7,-3400,0,0
Multihop 1 gateways,0.5,4158,179,60,1000000,215,4573,509030,1155,68,0,4337,7,11,157,0.998914
LoraWAN 1 gateways,0.5,1031,6,60,1000000,215,4360,47426,1155,0,3323,1037,7,0,0,0
LoraWAN 2 gateways,0.5,1090,5,60,1000000,215,4360,50140,1155,0,4360,1095,7,-1095,0,0
LoraWAN 3 gateways,0.5,3969,54,60,1000000,215,4360,182574,1155,0,4360,4018,7,-4023,0,0
Multihop 1 gateways,0.6,4770,167,60,1000000,215,5222,581353,1155,76,0,4937,7,16,193,0.999094
LoraWAN 1 gateways,0.6,1120,16,60,1000000,215,4902,51520,1155,0,3766,1136,7,0,0,0
LoraWAN 2 gateways,0.6,1225,1,60,1000000,215,4902,56350,1155,0,4902,1226,7,-1226,0,0
LoraWAN 3 gateways,0.6,4416,56,60,1000000,215,4902,203136,1155,0,4902,4471,7,-4472,0,0
Multihop 1 gateways,0.7,5122,314,60,1000000,215,5800,617572,1155,84,0,5436,7,27,253,0.998358
LoraWAN 1 gateways,0.7,1246,14,60,1000000,215,5371,57316,1155,0,4111,1260,7,0,0,0
LoraWAN 2 gateways,0.7,1324,2,60,1000000,215,5371,60904,1155,0,5371,1326,7,-1326,0,0
LoraWAN 3 gateways,0.7,4859,66,60,1000000,215,5371,223514,1155,0,5371,4924,7,-4925,0,0
Multihop 1 gateways,0.8,5441,476,60,1000000,215,6377,650179,1155,114,0,5917,7,28,318,0.996781
LoraWAN 1 gateways,0.8,1329,8,60,1000000,215,5807,61134,1155,0,4470,1337,7,0,0,0
LoraWAN 2 gateways,0.8,1486,4,60,1000000,215,5807,68356,1155,0,5807,1490,7,-1490,0,0
LoraWAN 3 gateways,0.8,5253,68,60,1000000,215,5807,241638,1155,0,5807,5316,7,-5321,0,0
Multihop 1 gateways,0.9,6104,273,60,1000000,215,6863,727606,1155,115,0,6377,7,30,341,0.997924
LoraWAN 1 gateways,0.9,1430,14,60,1000000,215,6197,65780,1155,0,4753,1444,7,0,0,0
LoraWAN 2 gateways,0.9,1544,4,60,1000000,215,6197,71024,1155,0,6197,1548,7,-1548,0,0
LoraWAN 3 gateways,0.9,5585,95,60,1000000,215,6197,256910,1155,0,6197,5681,7,-5680,0,0
Multihop 1 gateways,1,6416,363,60,1000000,215,7332,763273,1155,130,0,6780,7,26,397,0.99665
LoraWAN 1 gateways,1,1486,25,60,1000000,215,6541,68356,1155,0,5030,1511,7,0,0,0
LoraWAN 2 gateways,1,1613,3,60,1000000,215,6541,74198,1155,0,6541,1616,7,-1616,0,0
LoraWAN 3 gateways,1,5868,117,60,1000000,215,6541,269928,1155,0,6541,5979,7,-5985,0,0
Multihop 1 gateways,0.1,1111,0,60,1000000,215,1158,145906,1155,20,0,1111,7,-1,28,0.999591
LoraWAN 1 gateways,0.1,286,0,60,1000000,215,1154,13156,1155,0,868,286,7,0,0,0
LoraWAN 2 gateways,0.1,977,8,60,1000000,215,1154,44942,1155,0,1154,985,7,-985,0,0
LoraWAN 3 gateways,0.1,1113,1,60,1000000,215,1154,51198,1155,0,1154,1114,7,-1114,0,0
Multihop 1 gateways,0.2,1976,80,60,1000000,215,2160,252364,1155,31,0,2056,7,5,68,0.999143
LoraWAN 1 gateways,0.2,512,6,60,1000000,215,2145,23552,1155,0,1627,518,7,0,0,0
LoraWAN 2 gateways,0.2,1807,15,60,1000000,215,2145,83122,1155,0,2145,1823,7,-1822,0,0
LoraWAN 3 gateways,0.2,2059,11,60,1000000,215,2145,94714,1155,0,2145,2071,7,-2070,0,0
Multihop 1 gateways,0.3,2799,40,60,1000000,215,3060,361967,1155,75,0,2839,7,8,138,0.997469
LoraWAN 1 gateways,0.3,749,8,60,1000000,215,2997,34454,1155,0,2240,757,7,0,0,0
LoraWAN 2 gateways,0.3,2528,24,60,1000000,215,2997,116288,1155,0,2997,2552,7,-2552,0,0
LoraWAN 3 gateways,0.3,2865,31,60,1000000,215,2997,131790,1155,0,2997,2893,7,-2896,0,0
Multihop 1 gateways,0.4,3360,165,60,1000000,215,3874,427286,1155,126,0,3525,7,6,217,0.993995
LoraWAN 1 gateways,0.4,926,8,60,1000000,215,3743,42596,1155,0,2809,934,7,0,0,0
LoraWAN 2 gateways,0.4,3139,38,60,1000000,215,3743,144394,1155,0,3743,3177,7,-3177,0,0
LoraWAN 3 gateways,0.4,3578,36,60,1000000,215,3743,164588,1155,0,3743,3610,7,-3614,0,0
Multihop 1 gateways,0.5,3951,94,60,1000000,215,4552,503149,1155,182,0,4045,7,18,307,0.995568
LoraWAN 1 gateways,0.5,1116,12,60,1000000,215,4360,51336,1155,0,3232,1128,7,0,0,0
LoraWAN 2 gateways,0.5,3614,49,60,1000000,215,4360,166244,1155,0,4360,3663,7,-3663,0,0
LoraWAN 3 gateways,0.5,4145,56,60,1000000,215,4360,190670,1155,0,4360,4195,7,-4201,0,0
Multihop 1 gateways,0.6,4494,111,60,1000000,215,5187,570572,1155,261,0,4605,7,9,312,0.996515
LoraWAN 1 gateways,0.6,1203,14,60,1000000,215,4902,55338,1155,0,3685,1217,7,0,0,0
LoraWAN 2 gateways,0.6,4094,73,60,1000000,215,4902,188324,1155,0,4902,4167,7,-4167,0,0
LoraWAN 3 gateways,0.6,4666,72,60,1000000,215,4902,214636,1155,0,4902,4732,7,-4738,0,0
Multihop 1 gateways,0.7,4956,72,60,1000000,215,5728,624401,1155,242,0,5028,7,15,443,0.994665
LoraWAN 1 gateways,0.7,1342,13,60,1000000,215,5371,61732,1155,0,4016,1355,7,0,0,0
LoraWAN 2 gateways,0.7,4476,87,60,1000000,215,5371,205896,1155,0,5371,4564,7,-4563,0,0
LoraWAN 3 gateways,0.7,5129,74,60,1000000,215,5371,235934,1155,0,5371,5201,7,-5203,0,0
Multihop 1 gateways,0.8,5289,177,60,1000000,215,6288,667526,1155,284,0,5466,7,15,523,0.995474
LoraWAN 1 gateways,0.8,1446,10,60,1000000,215,5807,66516,1155,0,4351,1456,7,0,0,0
LoraWAN 2 gateways,0.8,4832,89,60,1000000,215,5807,222272,1155,0,5807,4921,7,-4921,0,0
LoraWAN 3 gateways,0.8,5498,116,60,1000000,215,5807,252908,1155,0,5807,5602,7,-5614,0,0
Multihop 1 gateways,0.9,5563,249,60,1000000,215,6770,697003,1155,359,0,5813,7,15,584,0.992383
LoraWAN 1 gateways,0.9,1509,34,60,1000000,215,6197,69414,1155,0,4654,1543,7,0,0,0
LoraWAN 2 gateways,0.9,5178,97,60,1000000,215,6197,238188,1155,0,6197,5276,7,-5275,0,0
LoraWAN 3 gateways,0.9,5916,91,60,1000000,215,6197,272136,1155,0,6197,5998,7,-6007,0,0
Multihop 1 gateways,1,5774,316,60,1000000,215,7214,719830,1155,427,0,6090,7,15,682,0.992189
LoraWAN 1 gateways,1,1591,34,60,1000000,215,6541,73186,1155,0,4916,1625,7,0,0,0
LoraWAN 2 gateways,1,5446,113,60,1000000,215,6541,250516,1155,0,6541,5560,7,-5559,0,0
LoraWAN 3 gateways,1,6199,124,60,1000000,215,6541,285154,1155,0,6541,6318,7,-6323,0,0
Multihop 1 gateways,0.1,1122,12,60,1000000,215,1158,158713,1155,4,0,1134,7,0,20,0.998724
LoraWAN 1 gateways,0.1,192,2,60,1000000,215,1154,8832,1155,0,960,194,7,0,0,0
LoraWAN 2 gateways,0.1,616,3,60,1000000,215,1154,28336,1155,0,1154,619,7,-619,0,0
LoraWAN 3 gateways,0.1,831,3,60,1000000,215,1154,38226,1155,0,1154,834,7,-834,0,0
Multihop 1 gateways,0.2,2040,14,60,1000000,215,2166,290375,1155,50,0,2054,7,1,61,0.999146
LoraWAN 1 gateways,0.2,320,2,60,1000000,215,2145,14720,1155,0,1823,322,7,0,0,0
LoraWAN 2 gateways,0.2,1128,10,60,1000000,215,2145,51888,1155,0,2145,1139,7,-1138,0,0
LoraWAN 3 gateways,0.2,1512,14,60,1000000,215,2145,69552,1155,0,2145,1527,7,-1526,0,0
Multihop 1 gateways,0.3,2790,78,60,1000000,215,3062,389765,1155,64,0,2868,7,2,128,0.998158
LoraWAN 1 gateways,0.3,500,0,60,1000000,215,2997,23000,1155,0,2497,500,7,0,0,0
LoraWAN 2 gateways,0.3,1595,12,60,1000000,215,2997,73370,1155,0,2997,1607,7,-1607,0,0
LoraWAN 3 gateways,0.3,2134,17,60,1000000,215,2997,98164,1155,0,2997,2151,7,-2151,0,0
Multihop 1 gateways,0.4,3409,158,60,1000000,215,3878,480217,1155,101,0,3567,7,2,208,0.998388
LoraWAN 1 gateways,0.4,606,8,60,1000000,215,3743,27876,1155,0,3129,614,7,0,0,0
LoraWAN 2 gateways,0.4,1961,26,60,1000000,215,3743,90206,1155,0,3743,1987,7,-1987,0,0
LoraWAN 3 gateways,0.4,2656,22,60,1000000,215,3743,122176,1155,0,3743,2678,7,-2678,0,0
Multihop 1 gateways,0.5,3993,142,60,1000000,215,4565,546842,1155,150,0,4135,7,4,276,0.989652
LoraWAN 1 gateways,0.5,757,2,60,1000000,215,4360,34822,1155,0,3601,759,7,0,0,0
LoraWAN 2 gateways,0.5,2256,30,60,1000000,215,4360,103776,1155,0,4360,2286,7,-2286,0,0
LoraWAN 3 gateways,0.5,3092,27,60,1000000,215,4360,142232,1155,0,4360,3119,7,-3119,0,0
Multihop 1 gateways,0.6,4496,114,60,1000000,215,5207,621315,1155,240,0,4611,7,6,351,0.992939
LoraWAN 1 gateways,0.6,815,8,60,1000000,215,4902,37490,1155,0,4079,823,7,0,0,0
LoraWAN 2 gateways,0.6,2574,27,60,1000000,215,4902,118404,1155,0,4902,2601,7,-2601,0,0
LoraWAN 3 gateways,0.6,3441,27,60,1000000,215,4902,158286,1155,0,4902,3468,7,-3468,0,0
Multihop 1 gateways,0.7,4975,108,60,1000000,215,5757,681752,1155,229,0,5083,7,17,428,0.989438
LoraWAN 1 gateways,0.7,904,8,60,1000000,215,5371,41584,1155,0,4459,912,7,0,0,0
LoraWAN 2 gateways,0.7,2830,32,60,1000000,215,5371,130180,1155,0,5371,2862,7,-2862,0,0
LoraWAN 3 gateways,0.7,3796,48,60,1000000,215,5371,174616,1155,0,5371,3845,7,-3844,0,0
Multihop 1 gateways,0.8,5317,232,60,1000000,215,6305,717576,1155,269,0,5550,7,5,482,0.986672
LoraWAN 1 gateways,0.8,966,6,60,1000000,215,5807,44436,1155,0,4835,972,7,0,0,0
LoraWAN 2 gateways,0.8,3089,46,60,1000000,215,5807,142094,1155,0,5807,3135,7,-3135,0,0
LoraWAN 3 gateways,0.8,4150,49,60,1000000,215,5807,190900,1155,0,5807,4199,7,-4199,0,0
Multihop 1 gateways,0.9,5508,365,60,1000000,215,6824,734717,1155,354,0,5874,7,4,593,0.987973
LoraWAN 1 gateways,0.9,1020,20,60,1000000,215,6197,46920,1155,0,5157,1040,7,0,0,0
LoraWAN 2 gateways,0.9,3227,60,60,1000000,215,6197,148442,1155,0,6197,3288,7,-3287,0,0
LoraWAN 3 gateways,0.9,4358,81,60,1000000,215,6197,200468,1155,0,6197,4440,7,-4439,0,0
Multihop 1 gateways,1,6054,191,60,1000000,215,7285,814337,1155,393,0,6245,7,9,638,0.992589
LoraWAN 1 gateways,1,1068,14,60,1000000,215,6541,49128,1155,0,5459,1082,7,0,0,0
LoraWAN 2 gateways,1,3436,70,60,1000000,215,6541,158056,1155,0,6541,3506,7,-3506,0,0
LoraWAN 3 gateways,1,4611,76,60,1000000,215,6541,212106,1155,0,6541,4687,7,-4687,0,0
Multihop 1 gateways,0.1,1145,10,60,1000000,215,1158,115834,1155,0,0,1155,7,0,3,0.999998
LoraWAN 1 gateways,0.1,460,0,60,1000000,215,1154,21160,1155,0,694,460,7,0,0,0
LoraWAN 2 gateways,0.1,577,2,60,1000000,215,1154,26542,1155,0,1154,579,7,-579,0,0
LoraWAN 3 gateways,0.1,1148,6,60,1000000,215,1154,52808,1155,0,1154,1154,7,-1154,0,0
Multihop 1 gateways,0.2,2078,69,60,1000000,215,2163,208233,1155,5,0,2147,7,0,11,0.999965
LoraWAN 1 gateways,0.2,801,2,60,1000000,215,2145,36846,1155,0,1342,803,7,0,0,0
LoraWAN 2 gateways,0.2,1049,6,60,1000000,215,2145,48254,1155,0,2145,1056,7,-1055,0,0
LoraWAN 3 gateways,0.2,2129,17,60,1000000,215,2145,97934,1155,0,2145,2145,7,-2146,0,0
Multihop 1 gateways,0.3,2915,103,60,1000000,215,3053,287972,1155,5,0,3018,7,0,30,0.999598
LoraWAN 1 gateways,0.3,1149,10,60,1000000,215,2997,52854,1155,0,1838,1159,7,0,0,0
LoraWAN 2 gateways,0.3,1486,8,60,1000000,215,2997,68356,1155,0,2997,1494,7,-1494,0,0
LoraWAN 3 gateways,0.3,2988,10,60,1000000,215,2997,137448,1155,0,2997,2997,7,-2998,0,0
Multihop 1 gateways,0.4,3624,162,60,1000000,215,3848,358442,1155,14,0,3786,7,2,46,0.999757
LoraWAN 1 gateways,0.4,1414,20,60,1000000,215,3743,65044,1155,0,2309,1434,7,0,0,0
LoraWAN 2 gateways,0.4,1839,12,60,1000000,215,3743,84594,1155,0,3743,1851,7,-1851,0,0
LoraWAN 3 gateways,0.4,3708,37,60,1000000,215,3743,170568,1155,0,3743,3743,7,-3745,0,0
Multihop 1 gateways,0.5,4285,164,60,1000000,215,4537,420186,1155,29,0,4449,7,4,55,0.999769
LoraWAN 1 gateways,0.5,1677,8,60,1000000,215,4360,77142,1155,0,2675,1685,7,0,0,0
LoraWAN 2 gateways,0.5,2161,12,60,1000000,215,4360,99406,1155,0,4360,2173,7,-2173,0,0
LoraWAN 3 gateways,0.5,4325,38,60,1000000,215,4360,198950,1155,0,4360,4360,7,-4363,0,0
Multihop 1 gateways,0.6,4809,231,60,1000000,215,5142,471113,1155,28,0,5040,7,2,72,0.99951
LoraWAN 1 gateways,0.6,1860,30,60,1000000,215,4902,85560,1155,0,3012,1890,7,0,0,0
LoraWAN 2 gateways,0.6,2354,30,60,1000000,215,4902,108284,1155,0,4902,2384,7,-2384,0,0
LoraWAN 3 gateways,0.6,4851,51,60,1000000,215,4902,223146,1155,0,4902,4902,7,-4902,0,0
Multihop 1 gateways,0.7,5267,306,60,1000000,215,5705,510557,1155,38,0,5573,7,3,91,0.999386
LoraWAN 1 gateways,0.7,2018,42,60,1000000,215,5371,92828,1155,0,3311,2060,7,0,0,0
LoraWAN 2 gateways,0.7,2681,22,60,1000000,215,5371,123326,1155,0,5371,2703,7,-2703,0,0
LoraWAN 3 gateways,0.7,5308,66,60,1000000,215,5371,244168,1155,0,5371,5371,7,-5374,0,0
Multihop 1 gateways,0.8,5745,335,60,1000000,215,6219,558105,1155,41,0,6080,7,8,90,0.999897
LoraWAN 1 gateways,0.8,2208,58,60,1000000,215,5807,101568,1155,0,3541,2266,7,0,0,0
LoraWAN 2 gateways,0.8,2869,34,60,1000000,215,5807,131974,1155,0,5807,2903,7,-2903,0,0
LoraWAN 3 gateways,0.8,5713,100,60,1000000,215,5807,262798,1155,0,5807,5807,7,-5813,0,0
Multihop 1 gateways,0.9,6144,389,60,1000000,215,6712,592476,1155,57,0,6533,7,0,122,0.999496
LoraWAN 1 gateways,0.9,2310,48,60,1000000,215,6197,106260,1155,0,3838,2359,7,1,0,0
LoraWAN 2 gateways,0.9,3043,16,60,1000000,215,6197,139978,1155,0,6197,3060,7,-3059,0,0
LoraWAN 3 gateways,0.9,6070,127,60,1000000,215,6197,279220,1155,0,6197,6197,7,-6197,0,0
Multihop 1 gateways,1,6544,452,60,1000000,215,7181,627874,1155,46,0,6996,7,0,139,0.999667
LoraWAN 1 gateways,1,2460,64,60,1000000,215,6541,113160,1155,0,4017,2524,7,0,0,0
LoraWAN 2 gateways,1,3206,53,60,1000000,215,6541,147476,1155,0,6541,3260,7,-3259,0,0
LoraWAN 3 gateways,1,6435,108,60,1000000,215,6541,296010,1155,0,6541,6541,7,-6543,0,0
Multihop 1 gateways,0.1,1133,16,60,1000000,215,1157,121072,1155,2,0,1149,7,1,5,0.999701
LoraWAN 1 gateways,0.1,314,0,60,1000000,215,1154,14444,1155,0,840,314,7,0,0,0
LoraWAN 2 gateways,0.1,938,0,60,1000000,215,1154,43148,1155,0,1154,938,7,-938,0,0
LoraWAN 3 gateways,0.1,1149,5,60,1000000,215,1154,52854,1155,0,1154,1154,7,-1154,0,0
Multihop 1 gateways,0.2,2116,24,60,1000000,215,2166,222406,1155,7,0,2140,7,0,19,0.997158
LoraWAN 1 gateways,0.2,562,2,60,1000000,215,2145,25852,1155,0,1580,565,7,1,0,0
LoraWAN 2 gateways,0.2,1718,11,60,1000000,215,2145,79028,1155,0,2145,1730,7,-1729,0,0
LoraWAN 3 gateways,0.2,2133,11,60,1000000,215,2145,98118,1155,0,2145,2145,7,-2144,0,0
Multihop 1 gateways,0.3,2839,154,60,1000000,215,3055,291630,1155,16,0,2993,7,3,43,0.994075
LoraWAN 1 gateways,0.3,867,4,60,1000000,215,2997,39882,1155,0,2126,871,7,0,0,0
LoraWAN 2 gateways,0.3,2361,33,60,1000000,215,2997,108606,1155,0,2997,2394,7,-2394,0,0
LoraWAN 3 gateways,0.3,2967,34,60,1000000,215,2997,136482,1155,0,2997,2997,7,-3001,0,0
Multihop 1 gateways,0.4,3639,96,60,1000000,215,3850,379693,1155,32,0,3736,7,11,72,0.997211
LoraWAN 1 gateways,0.4,1038,6,60,1000000,215,3743,47748,1155,0,2699,1044,7,0,0,0
LoraWAN 2 gateways,0.4,2979,38,60,1000000,215,3743,137034,1155,0,3743,3017,7,-3017,0,0
LoraWAN 3 gateways,0.4,3688,55,60,1000000,215,3743,169648,1155,0,3743,3743,7,-3743,0,0
Multihop 1 gateways,0.5,4242,141,60,1000000,215,4534,441624,1155,49,0,4384,7,12,90,0.996134
LoraWAN 1 gateways,0.5,1263,12,60,1000000,215,4360,58098,1155,0,3085,1275,7,0,0,0
LoraWAN 2 gateways,0.5,3429,63,60,1000000,215,4360,157734,1155,0,4360,3492,7,-3492,0,0
LoraWAN 3 gateways,0.5,4257,112,60,1000000,215,4360,195822,1155,0,4360,4360,7,-4369,0,0
Multihop 1 gateways,0.6,4667,307,60,1000000,215,5164,475881,1155,58,0,4974,7,11,121,0.992426
LoraWAN 1 gateways,0.6,1366,10,60,1000000,215,4902,62836,1155,0,3526,1376,7,0,0,0
LoraWAN 2 gateways,0.6,3877,54,60,1000000,215,4902,178342,1155,0,4902,3931,7,-3931,0,0
LoraWAN 3 gateways,0.6,4819,94,60,1000000,215,4902,221674,1155,0,4902,4902,7,-4913,0,0
Multihop 1 gateways,0.7,5190,274,60,1000000,215,5697,531617,1155,79,0,5464,7,6,148,0.993883
LoraWAN 1 gateways,0.7,1516,34,60,1000000,215,5371,69736,1155,0,3821,1550,7,0,0,0
LoraWAN 2 gateways,0.7,4224,73,60,1000000,215,5371,194304,1155,0,5371,4298,7,-4297,0,0
LoraWAN 3 gateways,0.7,5229,147,60,1000000,215,5371,240534,1155,0,5371,5371,7,-5376,0,0
Multihop 1 gateways,0.8,5649,302,60,1000000,215,6235,574739,1155,103,0,5951,7,16,165,0.99687
LoraWAN 1 gateways,0.8,1617,22,60,1000000,215,5807,74382,1155,0,4168,1639,7,0,0,0
LoraWAN 2 gateways,0.8,4535,111,60,1000000,215,5807,208610,1155,0,5807,4646,7,-4646,0,0
LoraWAN 3 gateways,0.8,5661,164,60,1000000,215,5807,260406,1155,0,5807,5807,7,-5825,0,0
Multihop 1 gateways,0.9,6045,324,60,1000000,215,6705,618753,1155,121,0,6371,7,13,202,0.995667
LoraWAN 1 gateways,0.9,1747,22,60,1000000,215,6197,80362,1155,0,4428,1769,7,0,0,0
LoraWAN 2 gateways,0.9,4821,133,60,1000000,215,6197,221766,1155,0,6197,4954,7,-4954,0,0
LoraWAN 3 gateways,0.9,6016,187,60,1000000,215,6197,276736,1155,0,6197,6197,7,-6203,0,0
Multihop 1 gateways,1,6341,436,60,1000000,215,7157,637872,1155,122,0,6777,7,6,252,0.986841
LoraWAN 1 gateways,1,1816,18,60,1000000,215,6541,83536,1155,0,4707,1834,7,0,0,0
LoraWAN 2 gateways,1,5075,152,60,1000000,215,6541,233450,1155,0,6541,5228,7,-5227,0,0
LoraWAN 3 gateways,1,6330,230,60,1000000,215,6541,291180,1155,0,6541,6541,7,-6560,0,0
Multihop 1 gateways,0.1,1142,10,60,1000000,215,1158,135066,1155,1,0,1152,7,1,4,0.999968
LoraWAN 1 gateways,0.1,347,2,60,1000000,215,1154,15962,1155,0,805,349,7,0,0,0
LoraWAN 2 gateways,0.1,769,0,60,1000000,215,1154,35374,1155,0,1154,769,7,-769,0,0
LoraWAN 3 gateways,0.1,804,0,60,1000000,215,1154,36984,1155,0,1154,804,7,-804,0,0
Multihop 1 gateways,0.2,2098,42,60,1000000,215,2169,248301,1155,2,0,2140,7,0,27,0.999914
LoraWAN 1 gateways,0.2,579,2,60,1000000,215,2145,26634,1155,0,1563,582,7,1,0,0
LoraWAN 2 gateways,0.2,1382,7,60,1000000,215,2145,63572,1155,0,2145,1390,7,-1389,0,0
LoraWAN 3 gateways,0.2,1455,8,60,1000000,215,2145,66930,1155,0,2145,1461,7,-1463,0,0
Multihop 1 gateways,0.3,2929,91,60,1000000,215,3065,340739,1155,6,0,3020,7,7,32,0.999914
LoraWAN 1 gateways,0.3,841,10,60,1000000,215,2997,38686,1155,0,2146,851,7,0,0,0
LoraWAN 2 gateways,0.3,1956,17,60,1000000,215,2997,89976,1155,0,2997,1973,7,-1973,0,0
LoraWAN 3 gateways,0.3,2060,13,60,1000000,215,2997,94760,1155,0,2997,2070,7,-2073,0,0
Multihop 1 gateways,0.4,3651,162,60,1000000,215,3881,426458,1155,7,0,3813,7,7,54,0.999632
LoraWAN 1 gateways,0.4,1035,8,60,1000000,215,3743,47610,1155,0,2700,1043,7,0,0,0
LoraWAN 2 gateways,0.4,2434,14,60,1000000,215,3743,111964,1155,0,3743,2448,7,-2448,0,0
LoraWAN 3 gateways,0.4,2542,36,60,1000000,215,3743,116932,1155,0,3743,2571,7,-2578,0,0
Multihop 1 gateways,0.5,4237,238,60,1000000,215,4581,489036,1155,16,0,4475,7,10,80,0.997785
LoraWAN 1 gateways,0.5,1265,10,60,1000000,215,4360,58190,1155,0,3085,1275,7,0,0,0
LoraWAN 2 gateways,0.5,2854,26,60,1000000,215,4360,131284,1155,0,4360,2880,7,-2880,0,0
LoraWAN 3 gateways,0.5,3000,41,60,1000000,215,4360,138000,1155,0,4360,3029,7,-3041,0,0
Multihop 1 gateways,0.6,4980,136,60,1000000,215,5246,572329,1155,12,0,5116,7,14,104,0.99986
LoraWAN 1 gateways,0.6,1393,2,60,1000000,215,4902,64078,1155,0,3507,1395,7,0,0,0
LoraWAN 2 gateways,0.6,3141,47,60,1000000,215,4902,144486,1155,0,4902,3188,7,-3188,0,0
LoraWAN 3 gateways,0.6,3330,37,60,1000000,215,4902,153180,1155,0,4902,3356,7,-3367,0,0
Multihop 1 gateways,0.7,5464,216,60,1000000,215,5816,632476,1155,14,0,5680,7,15,107,0.999716
LoraWAN 1 gateways,0.7,1520,26,60,1000000,215,5371,69920,1155,0,3825,1546,7,0,0,0
LoraWAN 2 gateways,0.7,3449,34,60,1000000,215,5371,158654,1155,0,5371,3483,7,-3483,0,0
LoraWAN 3 gateways,0.7,3610,66,60,1000000,215,5371,166060,1155,0,5371,3655,7,-3676,0,0
Multihop 1 gateways,0.8,5856,299,60,1000000,215,6363,671305,1155,30,0,6156,7,19,159,0.99941
LoraWAN 1 gateways,0.8,1614,38,60,1000000,215,5807,74244,1155,0,4155,1652,7,0,0,0
LoraWAN 2 gateways,0.8,3726,58,60,1000000,215,5807,171396,1155,0,5807,3784,7,-3784,0,0
LoraWAN 3 gateways,0.8,3921,57,60,1000000,215,5807,180366,1155,0,5807,3966,7,-3978,0,0
Multihop 1 gateways,0.9,6194,435,60,1000000,215,6875,706528,1155,35,0,6629,7,9,202,0.998878
LoraWAN 1 gateways,0.9,1699,38,60,1000000,215,6197,78154,1155,0,4460,1737,7,0,0,0
LoraWAN 2 gateways,0.9,3945,75,60,1000000,215,6197,181470,1155,0,6197,4020,7,-4020,0,0
LoraWAN 3 gateways,0.9,4182,64,60,1000000,215,6197,192372,1155,0,6197,4232,7,-4246,0,0
Multihop 1 gateways,1,6441,635,60,1000000,215,7341,730936,1155,21,0,7077,7,17,227,0.998476
LoraWAN 1 gateways,1,1795,26,60,1000000,215,6541,82570,1155,0,4720,1821,7,0,0,0
LoraWAN 2 gateways,1,4181,54,60,1000000,215,6541,192326,1155,0,6541,4236,7,-4235,0,0
LoraWAN 3 gateways,1,4377,105,60,1000000,215,6541,201342,1155,0,6541,4451,7,-4482,0,0
