case,rate,decoded,non_decoded,nodes_number,life_time,maximum_trans,gen_packets,delay,max_delay,interference_in_node,out_of_range_in_ge,in_range_in_ge,max_sf,time_out,drop_p_async,fairness
Multihop 1 gateways,0.1,1525,18,80,1000000,215,1569,163884,1155,2,0,1543,7,1,23,0.998117
LoraWAN 1 gateways,0.1,557,0,80,1000000,215,1568,25622,1155,0,1011,557,7,0,0,0
LoraWAN 2 gateways,0.1,1046,2,80,1000000,215,1568,48116,1155,0,1568,1048,7,-1048,0,0
LoraWAN 3 gateways,0.1,1472,4,80,1000000,215,1568,67712,1155,0,1568,1476,7,-1476,0,0
Multihop 1 gateways,0.2,2758,83,80,1000000,215,2900,290046,1155,15,0,2841,7,3,41,0.999772
LoraWAN 1 gateways,0.2,928,10,80,1000000,215,2879,42688,1155,0,1941,938,7,0,0,0
LoraWAN 2 gateways,0.2,1954,13,80,1000000,215,2879,89884,1155,0,2879,1967,7,-1967,0,0
LoraWAN 3 gateways,0.2,2698,12,80,1000000,215,2879,124108,1155,0,2879,2710,7,-2710,0,0
Multihop 1 gateways,0.3,3760,153,80,1000000,215,4059,397017,1155,48,0,3913,7,12,86,0.996564
LoraWAN 1 gateways,0.3,1292,14,80,1000000,215,3982,59432,1155,0,2676,1306,7,0,0,0
LoraWAN 2 gateways,0.3,2674,31,80,1000000,215,3982,123004,1155,0,3982,2705,7,-2705,0,0
LoraWAN 3 gateways,0.3,3696,43,80,1000000,215,3982,170016,1155,0,3982,3738,7,-3739,0,0
Multihop 1 gateways,0.4,4695,211,80,1000000,215,5103,493536,1155,59,0,4906,7,15,123,0.997859
LoraWAN 1 gateways,0.4,1653,22,80,1000000,215,4974,76038,1155,0,3298,1676,7,1,0,0
LoraWAN 2 gateways,0.4,3358,33,80,1000000,215,4974,154468,1155,0,4974,3391,7,-3391,0,0
LoraWAN 3 gateways,0.4,4618,49,80,1000000,215,4974,212428,1155,0,4974,4666,7,-4667,0,0
Multihop 1 gateways,0.5,5489,299,80,1000000,215,6049,576358,1155,82,0,5788,7,17,162,0.998226
LoraWAN 1 gateways,0.5,1939,18,80,1000000,215,5788,89194,1155,0,3831,1957,7,0,0,0
LoraWAN 2 gateways,0.5,3836,59,80,1000000,215,5788,176456,1155,0,5788,3895,7,-3895,0,0
LoraWAN 3 gateways,0.5,5353,68,80,1000000,215,5788,246238,1155,0,5788,5419,7,-5421,0,0
Multihop 1 gateways,0.6,6188,292,80,1000000,215,6836,645191,1155,122,0,6480,7,27,207,0.997814
LoraWAN 1 gateways,0.6,2164,51,80,1000000,215,6513,99544,1155,0,4298,2215,7,0,0,0
LoraWAN 2 gateways,0.6,4315,60,80,1000000,215,6513,198490,1155,0,6513,4375,7,-4375,0,0
LoraWAN 3 gateways,0.6,6034,74,80,1000000,215,6513,277564,1155,0,6513,6104,7,-6108,0,0
Multihop 1 gateways,0.7,6612,492,80,1000000,215,7565,681421,1155,140,0,7104,7,48,273,0.99141
LoraWAN 1 gateways,0.7,2360,48,80,1000000,215,7150,108560,1155,0,4742,2408,7,0,0,0
LoraWAN 2 gateways,0.7,4751,75,80,1000000,215,7150,218546,1155,0,7150,4826,7,-4826,0,0
LoraWAN 3 gateways,0.7,6596,88,80,1000000,215,7150,303416,1155,0,7150,6684,7,-6684,0,0
Multihop 1 gateways,0.8,7207,561,80,1000000,215,8294,741446,1155,158,0,7768,7,34,334,0.993388
LoraWAN 1 gateways,0.8,2526,86,80,1000000,215,7741,116196,1155,0,5129,2612,7,0,0,0
LoraWAN 2 gateways,0.8,5120,78,80,1000000,215,7741,235520,1155,0,7741,5198,7,-5198,0,0
LoraWAN 3 gateways,0.8,7129,109,80,1000000,215,7741,327934,1155,0,7741,7236,7,-7238,0,0
Multihop 1 gateways,0.9,7749,643,80,1000000,215,8936,796419,1155,156,0,8392,7,41,347,0.993563
LoraWAN 1 gateways,0.9,2664,94,80,1000000,215,8232,122544,1155,0,5474,2758,7,0,0,0
LoraWAN 2 gateways,0.9,5445,99,80,1000000,215,8232,250470,1155,0,8232,5544,7,-5544,0,0
LoraWAN 3 gateways,0.9,7577,128,80,1000000,215,8232,348542,1155,0,8232,7704,7,-7705,0,0
Multihop 1 gateways,1,8257,578,80,1000000,215,9516,839064,1155,212,0,8836,7,51,418,0.992578
LoraWAN 1 gateways,1,2870,71,80,1000000,215,8696,132020,1155,0,5755,2941,7,0,0,0
LoraWAN 2 gateways,1,5747,119,80,1000000,215,8696,264362,1155,0,8696,5866,7,-5866,0,0
LoraWAN 3 gateways,1,8018,145,80,1000000,215,8696,368828,1155,0,8696,8158,7,-8163,0,0
Multihop 1 gateways,0.1,1535,30,80,1000000,215,1570,145072,1155,0,0,1565,7,2,3,0.999958
LoraWAN 1 gateways,0.1,539,2,80,1000000,215,1568,24794,1155,0,1027,541,7,0,0,0
LoraWAN 2 gateways,0.1,1120,5,80,1000000,215,1568,51520,1155,0,1568,1125,7,-1125,0,0
LoraWAN 3 gateways,0.1,1529,2,80,1000000,215,1568,70334,1155,0,1568,1531,7,-1531,0,0
Multihop 1 gateways,0.2,2810,64,80,1000000,215,2900,268293,1155,8,0,2874,7,1,17,0.999939
LoraWAN 1 gateways,0.2,938,2,80,1000000,215,2879,43148,1155,0,1939,940,7,0,0,0
LoraWAN 2 gateways,0.2,2115,14,80,1000000,215,2879,97290,1155,0,2879,2129,7,-2129,0,0
LoraWAN 3 gateways,0.2,2804,9,80,1000000,215,2879,128984,1155,0,2879,2812,7,-2813,0,0
Multihop 1 gateways,0.3,3844,162,80,1000000,215,4053,363491,1155,17,0,4006,7,1,29,0.999774
LoraWAN 1 gateways,0.3,1284,16,80,1000000,215,3982,59064,1155,0,2682,1300,7,0,0,0
LoraWAN 2 gateways,0.3,2874,40,80,1000000,215,3982,132204,1155,0,3982,2914,7,-2914,0,0
LoraWAN 3 gateways,0.3,3846,35,80,1000000,215,3982,176916,1155,0,3982,3879,7,-3881,0,0
Multihop 1 gateways,0.4,4753,277,80,1000000,215,5095,452437,1155,25,0,5030,7,1,39,0.999681
LoraWAN 1 gateways,0.4,1563,16,80,1000000,215,4974,71898,1155,0,3395,1579,7,0,0,0
LoraWAN 2 gateways,0.4,3547,55,80,1000000,215,4974,163162,1155,0,4974,3602,7,-3602,0,0
LoraWAN 3 gateways,0.4,4802,51,80,1000000,215,4974,220892,1155,0,4974,4850,7,-4853,0,0
Multihop 1 gateways,0.5,5621,302,80,1000000,215,6022,529879,1155,30,0,5923,7,6,63,0.999749
LoraWAN 1 gateways,0.5,1823,60,80,1000000,215,5788,83858,1155,0,3904,1884,7,1,0,0
LoraWAN 2 gateways,0.5,4105,63,80,1000000,215,5788,188830,1155,0,5788,4168,7,-4168,0,0
LoraWAN 3 gateways,0.5,5566,81,80,1000000,215,5788,256036,1155,0,5788,5641,7,-5647,0,0
Multihop 1 gateways,0.6,6230,485,80,1000000,215,6836,586199,1155,43,0,6715,7,3,75,0.999909
LoraWAN 1 gateways,0.6,2088,39,80,1000000,215,6513,96048,1155,0,4386,2127,7,0,0,0
LoraWAN 2 gateways,0.6,4632,77,80,1000000,215,6513,213072,1155,0,6513,4709,7,-4709,0,0
LoraWAN 3 gateways,0.6,6271,92,80,1000000,215,6513,288466,1155,0,6513,6357,7,-6363,0,0
Multihop 1 gateways,0.7,6711,660,80,1000000,215,7549,631254,1155,54,0,7372,7,12,112,0.999759
LoraWAN 1 gateways,0.7,2260,53,80,1000000,215,7150,103960,1155,0,4837,2313,7,0,0,0
LoraWAN 2 gateways,0.7,5103,83,80,1000000,215,7150,234738,1155,0,7150,5186,7,-5186,0,0
LoraWAN 3 gateways,0.7,6873,109,80,1000000,215,7150,316158,1155,0,7150,6970,7,-6982,0,0
Multihop 1 gateways,0.8,7416,612,80,1000000,215,8246,695798,1155,79,0,8028,7,3,136,0.999726
LoraWAN 1 gateways,0.8,2455,42,80,1000000,215,7741,112930,1155,0,5244,2497,7,0,0,0
LoraWAN 2 gateways,0.8,5483,120,80,1000000,215,7741,252218,1155,0,7741,5603,7,-5603,0,0
LoraWAN 3 gateways,0.8,7438,113,80,1000000,215,7741,342148,1155,0,7741,7539,7,-7551,0,0
Multihop 1 gateways,0.9,7978,671,80,1000000,215,8894,744361,1155,75,0,8650,7,8,162,0.999657
LoraWAN 1 gateways,0.9,2578,68,80,1000000,215,8232,118588,1155,0,5586,2646,7,0,0,0
LoraWAN 2 gateways,0.9,5856,114,80,1000000,215,8232,269376,1155,0,8232,5970,7,-5970,0,0
LoraWAN 3 gateways,0.9,7885,149,80,1000000,215,8232,362710,1155,0,8232,8026,7,-8034,0,0
Multihop 1 gateways,1,8460,762,80,1000000,215,9464,784341,1155,79,0,9222,7,8,155,0.999847
LoraWAN 1 gateways,1,2755,47,80,1000000,215,8696,126730,1155,0,5894,2802,7,0,0,0
LoraWAN 2 gateways,1,6202,124,80,1000000,215,8696,285292,1155,0,8696,6326,7,-6326,0,0
LoraWAN 3 gateways,1,8321,175,80,1000000,215,8696,382766,1155,0,8696,8486,7,-8496,0,0
Multihop 1 gateways,0.1,1539,24,80,1000000,215,1570,165920,1155,0,0,1563,7,1,6,0.999885
LoraWAN 1 gateways,0.1,502,2,80,1000000,215,1568,23092,1155,0,1064,504,7,0,0,0
LoraWAN 2 gateways,0.1,1397,8,80,1000000,215,1568,64262,1155,0,1568,1405,7,-1405,0,0
LoraWAN 3 gateways,0.1,1549,6,80,1000000,215,1568,71254,1155,0,1568,1552,7,-1555,0,0
Multihop 1 gateways,0.2,2790,83,80,1000000,215,2899,294013,1155,3,0,2873,7,1,22,0.999834
LoraWAN 1 gateways,0.2,916,8,80,1000000,215,2879,42136,1155,0,1955,924,7,0,0,0
LoraWAN 2 gateways,0.2,2549,32,80,1000000,215,2879,117254,1155,0,2879,2581,7,-2581,0,0
LoraWAN 3 gateways,0.2,2829,26,80,1000000,215,2879,130134,1155,0,2879,2838,7,-2855,0,0
Multihop 1 gateways,0.3,3874,136,80,1000000,215,4064,403681,1155,10,0,4010,7,2,42,0.99989
LoraWAN 1 gateways,0.3,1270,18,80,1000000,215,3982,58420,1155,0,2694,1288,7,0,0,0
LoraWAN 2 gateways,0.3,3591,31,80,1000000,215,3982,165186,1155,0,3982,3622,7,-3622,0,0
LoraWAN 3 gateways,0.3,3908,53,80,1000000,215,3982,179768,1155,0,3982,3937,7,-3961,0,0
Multihop 1 gateways,0.4,4872,178,80,1000000,215,5127,517606,1155,11,0,5050,7,8,58,0.999754
LoraWAN 1 gateways,0.4,1581,32,80,1000000,215,4974,72726,1155,0,3360,1614,7,1,0,0
LoraWAN 2 gateways,0.4,4427,72,80,1000000,215,4974,203642,1155,0,4974,4500,7,-4499,0,0
LoraWAN 3 gateways,0.4,4859,80,80,1000000,215,4974,223514,1155,0,4974,4907,7,-4939,0,0
Multihop 1 gateways,0.5,5580,379,80,1000000,215,6075,579545,1155,23,0,5959,7,7,86,0.999395
LoraWAN 1 gateways,0.5,1825,58,80,1000000,215,5788,83950,1155,0,3904,1884,7,1,0,0
LoraWAN 2 gateways,0.5,5119,92,80,1000000,215,5788,235474,1155,0,5788,5212,7,-5211,0,0
LoraWAN 3 gateways,0.5,5646,124,80,1000000,215,5788,259716,1155,0,5788,5711,7,-5770,0,0
Multihop 1 gateways,0.6,6212,528,80,1000000,215,6887,643602,1155,30,0,6740,7,14,103,0.997576
LoraWAN 1 gateways,0.6,2150,38,80,1000000,215,6513,98900,1155,0,4325,2188,7,0,0,0
LoraWAN 2 gateways,0.6,5765,103,80,1000000,215,6513,265190,1155,0,6513,5868,7,-5868,0,0
LoraWAN 3 gateways,0.6,6376,105,80,1000000,215,6513,293296,1155,0,6513,6432,7,-6481,0,0
Multihop 1 gateways,0.7,6833,614,80,1000000,215,7634,705355,1155,24,0,7448,7,16,147,0.997038
LoraWAN 1 gateways,0.7,2296,38,80,1000000,215,7150,105616,1155,0,4816,2334,7,0,0,0
LoraWAN 2 gateways,0.7,6281,153,80,1000000,215,7150,288926,1155,0,7150,6434,7,-6434,0,0
LoraWAN 3 gateways,0.7,6969,137,80,1000000,215,7150,320574,1155,0,7150,7060,7,-7106,0,0
Multihop 1 gateways,0.8,7354,811,80,1000000,215,8359,765990,1155,27,0,8166,7,19,148,0.999706
LoraWAN 1 gateways,0.8,2483,64,80,1000000,215,7741,114218,1155,0,5194,2547,7,0,0,0
LoraWAN 2 gateways,0.8,6815,152,80,1000000,215,7741,313490,1155,0,7741,6967,7,-6967,0,0
LoraWAN 3 gateways,0.8,7535,188,80,1000000,215,7741,346610,1155,0,7741,7648,7,-7723,0,0
Multihop 1 gateways,0.9,8140,644,80,1000000,215,9020,841118,1155,32,0,8784,7,19,185,0.999116
LoraWAN 1 gateways,0.9,2624,42,80,1000000,215,8232,120704,1155,0,5566,2666,7,0,0,0
LoraWAN 2 gateways,0.9,7180,218,80,1000000,215,8232,330280,1155,0,8232,7398,7,-7398,0,0
LoraWAN 3 gateways,0.9,8002,222,80,1000000,215,8232,368092,1155,0,8232,8127,7,-8224,0,0
Multihop 1 gateways,1,8629,718,80,1000000,215,9644,882288,1155,34,0,9347,7,18,245,0.998225
LoraWAN 1 gateways,1,2722,92,80,1000000,215,8696,125212,1155,0,5882,2814,7,0,0,0
LoraWAN 2 gateways,1,7649,180,80,1000000,215,8696,351854,1155,0,8696,7829,7,-7829,0,0
LoraWAN 3 gateways,1,8456,227,80,1000000,215,8696,388976,1155,0,8696,8598,7,-8683,0,0
Multihop 1 gateways,0.1,1507,20,80,1000000,215,1570,191764,1155,9,0,1527,7,3,31,0.9968
LoraWAN 1 gateways,0.1,348,2,80,1000000,215,1568,16008,1155,0,1218,350,7,0,0,0
LoraWAN 2 gateways,0.1,1181,7,80,1000000,215,1568,54326,1155,0,1568,1188,7,-1188,0,0
LoraWAN 3 gateways,0.1,1517,6,80,1000000,215,1568,69782,1155,0,1568,1523,7,-1523,0,0
Multihop 1 gateways,0.2,2716,83,80,1000000,215,2900,339190,1155,35,0,2799,7,2,64,0.99825
LoraWAN 1 gateways,0.2,606,4,80,1000000,215,2879,27876,1155,0,2269,610,7,0,0,0
LoraWAN 2 gateways,0.2,2174,8,80,1000000,215,2879,100004,1155,0,2879,2182,7,-2182,0,0
LoraWAN 3 gateways,0.2,2783,17,80,1000000,215,2879,128018,1155,0,2879,2798,7,-2800,0,0
Multihop 1 gateways,0.3,3784,50,80,1000000,215,4076,471059,1155,86,0,3834,7,14,142,0.997623
LoraWAN 1 gateways,0.3,809,2,80,1000000,215,3982,37214,1155,0,3171,811,7,0,0,0
LoraWAN 2 gateways,0.3,2977,25,80,1000000,215,3982,136942,1155,0,3982,3002,7,-3002,0,0
LoraWAN 3 gateways,0.3,3853,40,80,1000000,215,3982,177238,1155,0,3982,3889,7,-3893,0,0
Multihop 1 gateways,0.4,4537,195,80,1000000,215,5128,565761,1155,116,0,4733,7,37,243,0.9974
LoraWAN 1 gateways,0.4,1027,4,80,1000000,215,4974,47242,1155,0,3942,1032,7,1,0,0
LoraWAN 2 gateways,0.4,3702,69,80,1000000,215,4974,170292,1155,0,4974,3771,7,-3771,0,0
LoraWAN 3 gateways,0.4,4774,69,80,1000000,215,4974,219604,1155,0,4974,4837,7,-4843,0,0
Multihop 1 gateways,0.5,5418,128,80,1000000,215,6079,665387,1155,184,0,5547,7,38,311,0.996214
LoraWAN 1 gateways,0.5,1236,14,80,1000000,215,5788,56856,1155,0,4538,1250,7,0,0,0
LoraWAN 2 gateways,0.5,4342,62,80,1000000,215,5788,199732,1155,0,5788,4405,7,-4404,0,0
LoraWAN 3 gateways,0.5,5573,79,80,1000000,215,5788,256358,1155,0,5788,5647,7,-5652,0,0
Multihop 1 gateways,0.6,5711,522,80,1000000,215,6902,692827,1155,201,0,6233,7,65,403,0.993842
LoraWAN 1 gateways,0.6,1370,30,80,1000000,215,6513,63020,1155,0,5113,1400,7,0,0,0
LoraWAN 2 gateways,0.6,4842,85,80,1000000,215,6513,222732,1155,0,6513,4927,7,-4927,0,0
LoraWAN 3 gateways,0.6,6258,101,80,1000000,215,6513,287868,1155,0,6513,6347,7,-6359,0,0
Multihop 1 gateways,0.7,6634,176,80,1000000,215,7636,807708,1155,253,0,6811,7,58,515,0.995544
LoraWAN 1 gateways,0.7,1482,24,80,1000000,215,7150,68172,1155,0,5644,1506,7,0,0,0
LoraWAN 2 gateways,0.7,5354,86,80,1000000,215,7150,246284,1155,0,7150,5440,7,-5440,0,0
LoraWAN 3 gateways,0.7,6863,124,80,1000000,215,7150,315698,1155,0,7150,6967,7,-6987,0,0
Multihop 1 gateways,0.8,7032,410,80,1000000,215,8352,844630,1155,290,0,7443,7,57,563,0.993795
LoraWAN 1 gateways,0.8,1630,28,80,1000000,215,7741,74980,1155,0,6083,1658,7,0,0,0
LoraWAN 2 gateways,0.8,5788,97,80,1000000,215,7741,266248,1155,0,7741,5885,7,-5885,0,0
LoraWAN 3 gateways,0.8,7431,135,80,1000000,215,7741,341826,1155,0,7741,7548,7,-7566,0,0
Multihop 1 gateways,0.9,7390,622,80,1000000,215,9057,883684,1155,310,0,8013,7,57,678,0.996476
LoraWAN 1 gateways,0.9,1701,32,80,1000000,215,8232,78246,1155,0,6499,1733,7,0,0,0
LoraWAN 2 gateways,0.9,6148,130,80,1000000,215,8232,282808,1155,0,8232,6278,7,-6278,0,0
LoraWAN 3 gateways,0.9,7865,176,80,1000000,215,8232,361790,1155,0,8232,8024,7,-8041,0,0
Multihop 1 gateways,1,7507,978,80,1000000,215,9667,900427,1155,377,0,8486,7,64,741,0.98981
LoraWAN 1 gateways,1,1813,25,80,1000000,215,8696,83398,1155,0,6858,1838,7,0,0,0
LoraWAN 2 gateways,1,6480,125,80,1000000,215,8696,298080,1155,0,8696,6605,7,-6605,0,0
LoraWAN 3 gateways,1,8340,163,80,1000000,215,8696,383640,1155,0,8696,8470,7,-8503,0,0
Multihop 1 gateways,0.1,1518,28,80,1000000,215,1570,188248,1155,8,0,1546,7,2,14,0.999088
LoraWAN 1 gateways,0.1,417,0,80,1000000,215,1568,19182,1155,0,1151,417,7,0,0,0
LoraWAN 2 gateways,0.1,525,0,80,1000000,215,1568,24150,1155,0,1568,525,7,-525,0,0
LoraWAN 3 gateways,0.1,1272,5,80,1000000,215,1568,58512,1155,0,1568,1277,7,-1277,0,0
Multihop 1 gateways,0.2,2662,170,80,1000000,215,2904,330148,1155,31,0,2832,7,2,39,0.999291
LoraWAN 1 gateways,0.2,702,0,80,1000000,215,2879,32292,1155,0,2177,702,7,0,0,0
LoraWAN 2 gateways,0.2,914,1,80,1000000,215,2879,42044,1155,0,2879,915,7,-915,0,0
LoraWAN 3 gateways,0.2,2343,6,80,1000000,215,2879,107778,1155,0,2879,2349,7,-2349,0,0
Multihop 1 gateways,0.3,3875,77,80,1000000,215,4077,476478,1155,28,0,3953,7,6,91,0.999266
LoraWAN 1 gateways,0.3,947,8,80,1000000,215,3982,43562,1155,0,3027,955,7,0,0,0
LoraWAN 2 gateways,0.3,1301,8,80,1000000,215,3982,59846,1155,0,3982,1309,7,-1309,0,0
LoraWAN 3 gateways,0.3,3230,38,80,1000000,215,3982,148580,1155,0,3982,3268,7,-3268,0,0
Multihop 1 gateways,0.4,4601,325,80,1000000,215,5144,562707,1155,52,0,4926,7,12,154,0.998926
LoraWAN 1 gateways,0.4,1213,14,80,1000000,215,4974,55798,1155,0,3746,1228,7,1,0,0
LoraWAN 2 gateways,0.4,1628,12,80,1000000,215,4974,74888,1155,0,4974,1641,7,-1640,0,0
LoraWAN 3 gateways,0.4,3998,38,80,1000000,215,4974,183908,1155,0,4974,4037,7,-4036,0,0
Multihop 1 gateways,0.5,5608,213,80,1000000,215,6092,682878,1155,68,0,5821,7,14,189,0.995524
LoraWAN 1 gateways,0.5,1428,12,80,1000000,215,5788,65688,1155,0,4347,1441,7,1,0,0
LoraWAN 2 gateways,0.5,1863,20,80,1000000,215,5788,85698,1155,0,5788,1883,7,-1883,0,0
LoraWAN 3 gateways,0.5,4643,61,80,1000000,215,5788,213578,1155,0,5788,4704,7,-4704,0,0
Multihop 1 gateways,0.6,5952,644,80,1000000,215,6959,712042,1155,73,0,6596,7,18,272,0.995877
LoraWAN 1 gateways,0.6,1632,18,80,1000000,215,6513,75072,1155,0,4863,1650,7,0,0,0
LoraWAN 2 gateways,0.6,2055,13,80,1000000,215,6513,94530,1155,0,6513,2068,7,-2068,0,0
LoraWAN 3 gateways,0.6,5216,79,80,1000000,215,6513,239936,1155,0,6513,5295,7,-5295,0,0
Multihop 1 gateways,0.7,6543,690,80,1000000,215,7694,781983,1155,124,0,7233,7,34,303,0.996978
LoraWAN 1 gateways,0.7,1741,26,80,1000000,215,7150,80086,1155,0,5383,1767,7,0,0,0
LoraWAN 2 gateways,0.7,2301,20,80,1000000,215,7150,105846,1155,0,7150,2321,7,-2321,0,0
LoraWAN 3 gateways,0.7,5717,87,80,1000000,215,7150,262982,1155,0,7150,5804,7,-5804,0,0
Multihop 1 gateways,0.8,7194,755,80,1000000,215,8465,851247,1155,118,0,7949,7,20,378,0.986516
LoraWAN 1 gateways,0.8,1932,32,80,1000000,215,7741,88872,1155,0,5777,1964,7,0,0,0
LoraWAN 2 gateways,0.8,2454,23,80,1000000,215,7741,112884,1155,0,7741,2477,7,-2477,0,0
LoraWAN 3 gateways,0.8,6167,114,80,1000000,215,7741,283682,1155,0,7741,6281,7,-6281,0,0
Multihop 1 gateways,0.9,7798,752,80,1000000,215,9144,924389,1155,114,0,8550,7,45,435,0.997057
LoraWAN 1 gateways,0.9,2009,39,80,1000000,215,8232,92414,1155,0,6184,2048,7,0,0,0
LoraWAN 2 gateways,0.9,2640,22,80,1000000,215,8232,121440,1155,0,8232,2662,7,-2662,0,0
LoraWAN 3 gateways,0.9,6533,121,80,1000000,215,8232,300518,1155,0,8232,6654,7,-6654,0,0
Multihop 1 gateways,1,8115,1006,80,1000000,215,9802,973494,1155,148,0,9121,7,48,485,0.99681
LoraWAN 1 gateways,1,2138,38,80,1000000,215,8696,98348,1155,0,6520,2176,7,0,0,0
LoraWAN 2 gateways,1,2766,37,80,1000000,215,8696,127236,1155,0,8696,2803,7,-2803,0,0
LoraWAN 3 gateways,1,6924,138,80,1000000,215,8696,318504,1155,0,8696,7062,7,-7062,0,0
Multihop 1 gateways,0.1,1530,30,80,1000000,215,1569,152979,1155,5,0,1560,7,0,4,0.999833
LoraWAN 1 gateways,0.1,492,0,80,1000000,215,1568,22632,1155,0,1076,492,7,0,0,0
LoraWAN 2 gateways,0.1,903,2,80,1000000,215,1568,41538,1155,0,1568,905,7,-905,0,0
LoraWAN 3 gateways,0.1,1473,8,80,1000000,215,1568,67758,1155,0,1568,1479,7,-1481,0,0
Multihop 1 gateways,0.2,2796,64,80,1000000,215,2900,280824,1155,10,0,2860,7,4,26,0.999776
LoraWAN 1 gateways,0.2,906,8,80,1000000,215,2879,41676,1155,0,1965,914,7,0,0,0
LoraWAN 2 gateways,0.2,1725,12,80,1000000,215,2879,79350,1155,0,2879,1737,7,-1737,0,0
LoraWAN 3 gateways,0.2,2682,23,80,1000000,215,2879,123372,1155,0,2879,2700,7,-2705,0,0
Multihop 1 gateways,0.3,3804,180,80,1000000,215,4058,383628,1155,29,0,3984,7,12,33,0.999709
LoraWAN 1 gateways,0.3,1215,16,80,1000000,215,3982,55890,1155,0,2751,1231,7,0,0,0
LoraWAN 2 gateways,0.3,2358,13,80,1000000,215,3982,108468,1155,0,3982,2371,7,-2371,0,0
LoraWAN 3 gateways,0.3,3692,36,80,1000000,215,3982,169832,1155,0,3982,3721,7,-3728,0,0
Multihop 1 gateways,0.4,4742,257,80,1000000,215,5103,476242,1155,27,0,4999,7,13,64,0.999854
LoraWAN 1 gateways,0.4,1535,16,80,1000000,215,4974,70610,1155,0,3423,1551,7,0,0,0
LoraWAN 2 gateways,0.4,2933,12,80,1000000,215,4974,134918,1155,0,4974,2946,7,-2945,0,0
LoraWAN 3 gateways,0.4,4605,66,80,1000000,215,4974,211830,1155,0,4974,4655,7,-4671,0,0
Multihop 1 gateways,0.5,5447,465,80,1000000,215,6043,540363,1155,37,0,5913,7,3,91,0.999661
LoraWAN 1 gateways,0.5,1780,38,80,1000000,215,5788,81880,1155,0,3970,1818,7,0,0,0
LoraWAN 2 gateways,0.5,3450,30,80,1000000,215,5788,158700,1155,0,5788,3481,7,-3480,0,0
LoraWAN 3 gateways,0.5,5329,102,80,1000000,215,5788,245134,1155,0,5788,5402,7,-5431,0,0
Multihop 1 gateways,0.6,6268,388,80,1000000,215,6850,618078,1155,61,0,6656,7,13,120,0.998953
LoraWAN 1 gateways,0.6,2022,40,80,1000000,215,6513,93012,1155,0,4451,2062,7,0,0,0
LoraWAN 2 gateways,0.6,3840,53,80,1000000,215,6513,176640,1155,0,6513,3893,7,-3893,0,0
LoraWAN 3 gateways,0.6,6022,145,80,1000000,215,6513,277012,1155,0,6513,6122,7,-6167,0,0
Multihop 1 gateways,0.7,6688,661,80,1000000,215,7565,662335,1155,52,0,7349,7,19,145,0.999541
LoraWAN 1 gateways,0.7,2159,67,80,1000000,215,7150,99314,1155,0,4924,2226,7,0,0,0
LoraWAN 2 gateways,0.7,4247,53,80,1000000,215,7150,195362,1155,0,7150,4300,7,-4300,0,0
LoraWAN 3 gateways,0.7,6603,164,80,1000000,215,7150,303738,1155,0,7150,6712,7,-6767,0,0
Multihop 1 gateways,0.8,7536,509,80,1000000,215,8298,743083,1155,66,0,8045,7,23,164,0.999145
LoraWAN 1 gateways,0.8,2379,28,80,1000000,215,7741,109434,1155,0,5334,2407,7,0,0,0
LoraWAN 2 gateways,0.8,4614,67,80,1000000,215,7741,212244,1155,0,7741,4681,7,-4681,0,0
LoraWAN 3 gateways,0.8,7105,211,80,1000000,215,7741,326830,1155,0,7741,7259,7,-7316,0,0
Multihop 1 gateways,0.9,8101,543,80,1000000,215,8943,799680,1155,84,0,8644,7,16,199,0.999179
LoraWAN 1 gateways,0.9,2502,61,80,1000000,215,8232,115092,1155,0,5669,2563,7,0,0,0
LoraWAN 2 gateways,0.9,4883,78,80,1000000,215,8232,224618,1155,0,8232,4961,7,-4961,0,0
LoraWAN 3 gateways,0.9,7573,180,80,1000000,215,8232,348358,1155,0,8232,7704,7,-7753,0,0
Multihop 1 gateways,1,8472,753,80,1000000,215,9510,826549,1155,59,0,9226,7,30,196,0.998713
LoraWAN 1 gateways,1,2623,84,80,1000000,215,8696,120658,1155,0,5989,2707,7,0,0,0
LoraWAN 2 gateways,1,5142,76,80,1000000,215,8696,236532,1155,0,8696,5218,7,-5218,0,0
LoraWAN 3 gateways,1,7999,215,80,1000000,215,8696,367954,1155,0,8696,8144,7,-8214,0,0
Multihop 1 gateways,0.1,1524,31,80,1000000,215,1569,160910,1155,8,0,1555,7,0,6,0.99971
LoraWAN 1 gateways,0.1,494,6,80,1000000,215,1568,22724,1155,0,1068,500,7,0,0,0
LoraWAN 2 gateways,0.1,831,1,80,1000000,215,1568,38226,1155,0,1568,832,7,-832,0,0
LoraWAN 3 gateways,0.1,1206,4,80,1000000,215,1568,55476,1155,0,1568,1207,7,-1210,0,0
Multihop 1 gateways,0.2,2721,147,80,1000000,215,2900,281384,1155,9,0,2868,7,0,23,0.997672
LoraWAN 1 gateways,0.2,879,6,80,1000000,215,2879,40434,1155,0,1994,885,7,0,0,0
LoraWAN 2 gateways,0.2,1579,6,80,1000000,215,2879,72634,1155,0,2879,1585,7,-1585,0,0
LoraWAN 3 gateways,0.2,2308,18,80,1000000,215,2879,106168,1155,0,2879,2320,7,-2326,0,0
Multihop 1 gateways,0.3,3838,144,80,1000000,215,4056,392739,1155,26,0,3982,7,5,43,0.998777
LoraWAN 1 gateways,0.3,1189,24,80,1000000,215,3982,54694,1155,0,2769,1213,7,0,0,0
LoraWAN 2 gateways,0.3,2185,27,80,1000000,215,3982,100510,1155,0,3982,2212,7,-2212,0,0
LoraWAN 3 gateways,0.3,3163,57,80,1000000,215,3982,145498,1155,0,3982,3203,7,-3220,0,0
Multihop 1 gateways,0.4,4839,178,80,1000000,215,5107,494988,1155,24,0,5017,7,3,63,0.999849
LoraWAN 1 gateways,0.4,1496,34,80,1000000,215,4974,68816,1155,0,3444,1530,7,0,0,0
LoraWAN 2 gateways,0.4,2732,32,80,1000000,215,4974,125672,1155,0,4974,2765,7,-2764,0,0
LoraWAN 3 gateways,0.4,3986,68,80,1000000,215,4974,183356,1155,0,4974,4029,7,-4054,0,0
Multihop 1 gateways,0.5,5681,243,80,1000000,215,6046,578921,1155,37,0,5924,7,2,83,0.999194
LoraWAN 1 gateways,0.5,1774,48,80,1000000,215,5788,81604,1155,0,3965,1823,7,1,0,0
LoraWAN 2 gateways,0.5,3160,28,80,1000000,215,5788,145360,1155,0,5788,3189,7,-3188,0,0
LoraWAN 3 gateways,0.5,4564,114,80,1000000,215,5788,209944,1155,0,5788,4636,7,-4678,0,0
Multihop 1 gateways,0.6,6313,384,80,1000000,215,6857,644477,1155,41,0,6698,7,6,113,0.998149
LoraWAN 1 gateways,0.6,2014,49,80,1000000,215,6513,92644,1155,0,4450,2063,7,0,0,0
LoraWAN 2 gateways,0.6,3511,39,80,1000000,215,6513,161506,1155,0,6513,3550,7,-3550,0,0
LoraWAN 3 gateways,0.6,5128,108,80,1000000,215,6513,235888,1155,0,6513,5192,7,-5236,0,0
Multihop 1 gateways,0.7,6882,494,80,1000000,215,7592,694835,1155,48,0,7376,7,11,157,0.996963
LoraWAN 1 gateways,0.7,2188,52,80,1000000,215,7150,100648,1155,0,4910,2240,7,0,0,0
LoraWAN 2 gateways,0.7,3894,60,80,1000000,215,7150,179124,1155,0,7150,3954,7,-3954,0,0
LoraWAN 3 gateways,0.7,5655,131,80,1000000,215,7150,260130,1155,0,7150,5732,7,-5786,0,0
Multihop 1 gateways,0.8,7634,472,80,1000000,215,8308,774044,1155,44,0,8106,7,6,152,0.999703
LoraWAN 1 gateways,0.8,2359,47,80,1000000,215,7741,108514,1155,0,5335,2406,7,0,0,0
LoraWAN 2 gateways,0.8,4205,65,80,1000000,215,7741,193430,1155,0,7741,4270,7,-4270,0,0
LoraWAN 3 gateways,0.8,6048,177,80,1000000,215,7741,278208,1155,0,7741,6186,7,-6225,0,0
Multihop 1 gateways,0.9,8085,636,80,1000000,215,8979,812735,1155,64,0,8721,7,7,187,0.999288
LoraWAN 1 gateways,0.9,2516,36,80,1000000,215,8232,115736,1155,0,5680,2552,7,0,0,0
LoraWAN 2 gateways,0.9,4449,71,80,1000000,215,8232,204654,1155,0,8232,4520,7,-4520,0,0
LoraWAN 3 gateways,0.9,6524,173,80,1000000,215,8232,300104,1155,0,8232,6638,7,-6697,0,0
Multihop 1 gateways,1,8437,834,80,1000000,215,9586,848725,1155,72,0,9271,7,9,234,0.998566
LoraWAN 1 gateways,1,2654,70,80,1000000,215,8696,122084,1155,0,5972,2724,7,0,0,0
LoraWAN 2 gateways,1,4718,70,80,1000000,215,8696,217028,1155,0,8696,4788,7,-4788,0,0
LoraWAN 3 gateways,1,6802,194,80,1000000,215,8696,312892,1155,0,8696,6942,7,-6996,0,0
Multihop 1 gateways,0.1,1520,39,80,1000000,215,1570,180836,1155,7,0,1559,7,0,4,0.999539
LoraWAN 1 gateways,0.1,356,0,80,1000000,215,1568,16376,1155,0,1212,356,7,0,0,0
LoraWAN 2 gateways,0.1,1205,3,80,1000000,215,1568,55430,1155,0,1568,1208,7,-1208,0,0
LoraWAN 3 gateways,0.1,1415,1,80,1000000,215,1568,65090,1155,0,1568,1416,7,-1416,0,0
Multihop 1 gateways,0.2,2790,60,80,1000000,215,2903,339721,1155,12,0,2850,7,2,39,0.999516
LoraWAN 1 gateways,0.2,619,2,80,1000000,215,2879,28474,1155,0,2258,621,7,0,0,0
LoraWAN 2 gateways,0.2,2267,13,80,1000000,215,2879,104282,1155,0,2879,2280,7,-2280,0,0
LoraWAN 3 gateways,0.2,2618,18,80,1000000,215,2879,120428,1155,0,2879,2636,7,-2636,0,0
Multihop 1 gateways,0.3,3848,113,80,1000000,215,4077,462918,1155,30,0,3961,7,4,82,0.998334
LoraWAN 1 gateways,0.3,808,4,80,1000000,215,3982,37168,1155,0,3170,812,7,0,0,0
LoraWAN 2 gateways,0.3,3153,27,80,1000000,215,3982,145038,1155,0,3982,3180,7,-3180,0,0
LoraWAN 3 gateways,0.3,3629,18,80,1000000,215,3982,166934,1155,0,3982,3647,7,-3647,0,0
Multihop 1 gateways,0.4,4762,213,80,1000000,215,5143,574135,1155,52,0,4976,7,2,114,0.999414
LoraWAN 1 gateways,0.4,1029,2,80,1000000,215,4974,47334,1155,0,3943,1031,7,0,0,0
LoraWAN 2 gateways,0.4,3842,51,80,1000000,215,4974,176732,1155,0,4974,3894,7,-3893,0,0
LoraWAN 3 gateways,0.4,4489,46,80,1000000,215,4974,206494,1155,0,4974,4536,7,-4535,0,0
Multihop 1 gateways,0.5,5500,318,80,1000000,215,6088,656405,1155,74,0,5818,7,8,188,0.996753
LoraWAN 1 gateways,0.5,1202,23,80,1000000,215,5788,55292,1155,0,4563,1225,7,0,0,0
LoraWAN 2 gateways,0.5,4505,47,80,1000000,215,5788,207230,1155,0,5788,4553,7,-4552,0,0
LoraWAN 3 gateways,0.5,5203,58,80,1000000,215,5788,239338,1155,0,5788,5262,7,-5261,0,0
Multihop 1 gateways,0.6,6092,531,80,1000000,215,6944,718377,1155,94,0,6624,7,11,216,0.998782
LoraWAN 1 gateways,0.6,1378,16,80,1000000,215,6513,63388,1155,0,5119,1394,7,0,0,0
LoraWAN 2 gateways,0.6,5016,92,80,1000000,215,6513,230736,1155,0,6513,5108,7,-5108,0,0
LoraWAN 3 gateways,0.6,5849,86,80,1000000,215,6513,269054,1155,0,6513,5935,7,-5935,0,0
Multihop 1 gateways,0.7,6058,1258,80,1000000,215,7687,700832,1155,103,0,7317,7,17,251,0.990211
LoraWAN 1 gateways,0.7,1480,26,80,1000000,215,7150,68080,1155,0,5644,1506,7,0,0,0
LoraWAN 2 gateways,0.7,5519,91,80,1000000,215,7150,253874,1155,0,7150,5610,7,-5610,0,0
LoraWAN 3 gateways,0.7,6426,89,80,1000000,215,7150,295596,1155,0,7150,6515,7,-6515,0,0
Multihop 1 gateways,0.8,7681,359,80,1000000,215,8462,909101,1155,127,0,8040,7,12,283,0.997688
LoraWAN 1 gateways,0.8,1644,22,80,1000000,215,7741,75624,1155,0,6075,1666,7,0,0,0
LoraWAN 2 gateways,0.8,5998,116,80,1000000,215,7741,275908,1155,0,7741,6114,7,-6114,0,0
LoraWAN 3 gateways,0.8,6977,92,80,1000000,215,7741,320942,1155,0,7741,7069,7,-7069,0,0
Multihop 1 gateways,0.9,7844,837,80,1000000,215,9166,912161,1155,136,0,8681,7,9,340,0.992436
LoraWAN 1 gateways,0.9,1708,28,80,1000000,215,8232,78568,1155,0,6496,1736,7,0,0,0
LoraWAN 2 gateways,0.9,6362,152,80,1000000,215,8232,292652,1155,0,8232,6514,7,-6514,0,0
LoraWAN 3 gateways,0.9,7442,79,80,1000000,215,8232,342332,1155,0,8232,7521,7,-7521,0,0
Multihop 1 gateways,1,8181,995,80,1000000,215,9773,943632,1155,177,0,9176,7,18,402,0.996735
LoraWAN 1 gateways,1,1796,36,80,1000000,215,8696,82616,1155,0,6864,1832,7,0,0,0
LoraWAN 2 gateways,1,6704,161,80,1000000,215,8696,308384,1155,0,8696,6865,7,-6865,0,0
LoraWAN 3 gateways,1,7843,114,80,1000000,215,8696,360778,1155,0,8696,7957,7,-7957,0,0
Multihop 1 gateways,0.1,1529,18,80,1000000,215,1570,191063,1155,6,0,1547,7,2,15,0.999344
LoraWAN 1 gateways,0.1,388,0,80,1000000,215,1568,17848,1155,0,1180,388,7,0,0,0
LoraWAN 2 gateways,0.1,1011,3,80,1000000,215,1568,46506,1155,0,1568,1014,7,-1014,0,0
LoraWAN 3 gateways,0.1,1145,2,80,1000000,215,1568,52670,1155,0,1568,1146,7,-1147,0,0
Multihop 1 gateways,0.2,2794,42,80,1000000,215,2905,342075,1155,24,0,2836,7,4,41,0.999356
LoraWAN 1 gateways,0.2,680,2,80,1000000,215,2879,31280,1155,0,2197,682,7,0,0,0
LoraWAN 2 gateways,0.2,1819,16,80,1000000,215,2879,83674,1155,0,2879,1835,7,-1835,0,0
LoraWAN 3 gateways,0.2,2098,15,80,1000000,215,2879,96508,1155,0,2879,2110,7,-2113,0,0
Multihop 1 gateways,0.3,3733,216,80,1000000,215,4074,450810,1155,27,0,3949,7,6,92,0.999308
LoraWAN 1 gateways,0.3,893,18,80,1000000,215,3982,41078,1155,0,3071,911,7,0,0,0
LoraWAN 2 gateways,0.3,2572,22,80,1000000,215,3982,118312,1155,0,3982,2594,7,-2594,0,0
LoraWAN 3 gateways,0.3,2915,35,80,1000000,215,3982,134090,1155,0,3982,2939,7,-2950,0,0
Multihop 1 gateways,0.4,4672,236,80,1000000,215,5138,568050,1155,57,0,4909,7,23,150,0.998547
LoraWAN 1 gateways,0.4,1156,14,80,1000000,215,4974,53176,1155,0,3804,1170,7,0,0,0
LoraWAN 2 gateways,0.4,3199,43,80,1000000,215,4974,147154,1155,0,4974,3243,7,-3242,0,0
LoraWAN 3 gateways,0.4,3655,39,80,1000000,215,4974,168130,1155,0,4974,3679,7,-3694,0,0
Multihop 1 gateways,0.5,5478,303,80,1000000,215,6104,659594,1155,89,0,5781,7,26,208,0.999127
LoraWAN 1 gateways,0.5,1384,14,80,1000000,215,5788,63664,1155,0,4390,1398,7,0,0,0
LoraWAN 2 gateways,0.5,3685,57,80,1000000,215,5788,169510,1155,0,5788,3743,7,-3742,0,0
LoraWAN 3 gateways,0.5,4206,64,80,1000000,215,5788,193476,1155,0,5788,4248,7,-4270,0,0
Multihop 1 gateways,0.6,6223,308,80,1000000,215,6924,748998,1155,114,0,6531,7,31,248,0.996042
LoraWAN 1 gateways,0.6,1523,18,80,1000000,215,6513,70058,1155,0,4972,1541,7,0,0,0
LoraWAN 2 gateways,0.6,4174,55,80,1000000,215,6513,192004,1155,0,6513,4229,7,-4229,0,0
LoraWAN 3 gateways,0.6,4743,89,80,1000000,215,6513,218178,1155,0,6513,4803,7,-4832,0,0
Multihop 1 gateways,0.7,6820,398,80,1000000,215,7687,808474,1155,113,0,7218,7,33,323,0.995307
LoraWAN 1 gateways,0.7,1671,30,80,1000000,215,7150,76866,1155,0,5449,1701,7,0,0,0
LoraWAN 2 gateways,0.7,4566,61,80,1000000,215,7150,210036,1155,0,7150,4627,7,-4627,0,0
LoraWAN 3 gateways,0.7,5216,55,80,1000000,215,7150,239936,1155,0,7150,5254,7,-5271,0,0
Multihop 1 gateways,0.8,6928,966,80,1000000,215,8434,823424,1155,143,0,7894,7,46,351,0.998338
LoraWAN 1 gateways,0.8,1836,14,80,1000000,215,7741,84456,1155,0,5891,1850,7,0,0,0
LoraWAN 2 gateways,0.8,4958,93,80,1000000,215,7741,228068,1155,0,7741,5051,7,-5051,0,0
LoraWAN 3 gateways,0.8,5661,105,80,1000000,215,7741,260406,1155,0,7741,5736,7,-5766,0,0
Multihop 1 gateways,0.9,7845,668,80,1000000,215,9111,928996,1155,175,0,8514,7,22,401,0.994461
LoraWAN 1 gateways,0.9,1875,28,80,1000000,215,8232,86250,1155,0,6329,1903,7,0,0,0
LoraWAN 2 gateways,0.9,5220,126,80,1000000,215,8232,240120,1155,0,8232,5346,7,-5346,0,0
LoraWAN 3 gateways,0.9,5993,127,80,1000000,215,8232,275678,1155,0,8232,6077,7,-6120,0,0
Multihop 1 gateways,1,8330,743,80,1000000,215,9773,976697,1155,185,0,9073,7,48,467,0.99622
LoraWAN 1 gateways,1,2008,54,80,1000000,215,8696,92368,1155,0,6634,2062,7,0,0,0
LoraWAN 2 gateways,1,5531,120,80,1000000,215,8696,254426,1155,0,8696,5651,7,-5651,0,0
LoraWAN 3 gateways,1,6342,106,80,1000000,215,8696,291732,1155,0,8696,6418,7,-6448,0,0
Multihop 1 gateways,0.1,1531,28,80,1000000,215,1569,155209,1155,3,0,1559,7,0,7,0.999929
LoraWAN 1 gateways,0.1,536,4,80,1000000,215,1568,24656,1155,0,1028,540,7,0,0,0
LoraWAN 2 gateways,0.1,943,3,80,1000000,215,1568,43378,1155,0,1568,946,7,-946,0,0
LoraWAN 3 gateways,0.1,1561,8,80,1000000,215,1568,71806,1155,0,1568,1568,7,-1569,0,0
Multihop 1 gateways,0.2,2801,75,80,1000000,215,2900,281585,1155,4,0,2876,7,2,18,0.99995
LoraWAN 1 gateways,0.2,919,12,80,1000000,215,2879,42274,1155,0,1948,931,7,0,0,0
LoraWAN 2 gateways,0.2,1767,6,80,1000000,215,2879,81282,1155,0,2879,1773,7,-1773,0,0
LoraWAN 3 gateways,0.2,2863,19,80,1000000,215,2879,131698,1155,0,2879,2879,7,-2882,0,0
Multihop 1 gateways,0.3,3834,134,80,1000000,215,4054,376397,1155,20,0,3968,7,14,52,0.999586
LoraWAN 1 gateways,0.3,1232,18,80,1000000,215,3982,56672,1155,0,2732,1250,7,0,0,0
LoraWAN 2 gateways,0.3,2423,20,80,1000000,215,3982,111458,1155,0,3982,2443,7,-2443,0,0
LoraWAN 3 gateways,0.3,3945,44,80,1000000,215,3982,181470,1155,0,3982,3982,7,-3989,0,0
Multihop 1 gateways,0.4,4737,275,80,1000000,215,5096,468731,1155,19,0,5012,7,5,60,0.999213
LoraWAN 1 gateways,0.4,1538,24,80,1000000,215,4974,70748,1155,0,3412,1562,7,0,0,0
LoraWAN 2 gateways,0.4,2998,61,80,1000000,215,4974,137908,1155,0,4974,3060,7,-3059,0,0
LoraWAN 3 gateways,0.4,4929,50,80,1000000,215,4974,226734,1155,0,4974,4974,7,-4979,0,0
Multihop 1 gateways,0.5,5636,246,80,1000000,215,6035,550203,1155,40,0,5882,7,12,101,0.999185
LoraWAN 1 gateways,0.5,1873,34,80,1000000,215,5788,86158,1155,0,3880,1908,7,1,0,0
LoraWAN 2 gateways,0.5,3493,49,80,1000000,215,5788,160678,1155,0,5788,3543,7,-3542,0,0
LoraWAN 3 gateways,0.5,5704,98,80,1000000,215,5788,262384,1155,0,5788,5788,7,-5802,0,0
Multihop 1 gateways,0.6,6226,439,80,1000000,215,6858,605651,1155,30,0,6665,7,31,132,0.99894
LoraWAN 1 gateways,0.6,2115,35,80,1000000,215,6513,97290,1155,0,4363,2150,7,0,0,0
LoraWAN 2 gateways,0.6,3997,37,80,1000000,215,6513,183862,1155,0,6513,4034,7,-4034,0,0
LoraWAN 3 gateways,0.6,6416,117,80,1000000,215,6513,295136,1155,0,6513,6513,7,-6533,0,0
Multihop 1 gateways,0.7,6854,486,80,1000000,215,7566,670772,1155,70,0,7340,7,13,143,0.999614
LoraWAN 1 gateways,0.7,2282,48,80,1000000,215,7150,104972,1155,0,4820,2330,7,0,0,0
LoraWAN 2 gateways,0.7,4305,61,80,1000000,215,7150,198030,1155,0,7150,4366,7,-4366,0,0
LoraWAN 3 gateways,0.7,7038,131,80,1000000,215,7150,323748,1155,0,7150,7150,7,-7169,0,0
Multihop 1 gateways,0.8,7619,421,80,1000000,215,8298,738036,1155,68,0,8040,7,16,174,0.998706
LoraWAN 1 gateways,0.8,2483,60,80,1000000,215,7741,114218,1155,0,5198,2543,7,0,0,0
LoraWAN 2 gateways,0.8,4675,65,80,1000000,215,7741,215050,1155,0,7741,4740,7,-4740,0,0
LoraWAN 3 gateways,0.8,7617,150,80,1000000,215,7741,350382,1155,0,7741,7741,7,-7767,0,0
Multihop 1 gateways,0.9,7918,713,80,1000000,215,8929,763639,1155,72,0,8631,7,33,193,0.998429
LoraWAN 1 gateways,0.9,2592,54,80,1000000,215,8232,119232,1155,0,5586,2646,7,0,0,0
LoraWAN 2 gateways,0.9,4962,70,80,1000000,215,8232,228252,1155,0,8232,5032,7,-5032,0,0
LoraWAN 3 gateways,0.9,8114,156,80,1000000,215,8232,373244,1155,0,8232,8232,7,-8270,0,0
Multihop 1 gateways,1,8466,727,80,1000000,215,9527,808974,1155,79,0,9194,7,23,232,0.998295
LoraWAN 1 gateways,1,2735,98,80,1000000,215,8696,125810,1155,0,5863,2833,7,0,0,0
LoraWAN 2 gateways,1,5242,109,80,1000000,215,8696,241132,1155,0,8696,5351,7,-5351,0,0
LoraWAN 3 gateways,1,8577,147,80,1000000,215,8696,394542,1155,0,8696,8696,7,-8724,0,0
