case,rate,decoded,non_decoded,nodes_number,life_time,maximum_trans,gen_packets,delay,max_delay,interference_in_node,out_of_range_in_ge,in_range_in_ge,max_sf,time_out,drop_p_async
LoraWAN 1 gateways,0.1,1187,20,200,1000000,215,3903,54602,1155,0,2696,1207,7,0,0
LoraWAN 2 gateways,0.1,1932,24,200,1000000,215,3903,88872,1155,0,3903,1956,7,-1956,0
LoraWAN 3 gateways,0.1,3300,21,200,1000000,215,3903,151800,1155,0,3903,3322,7,-3321,0
Multihop 1 gateways,0.1,3751,138,200,1000000,215,3909,396625,1155,5,0,3889,7,2,13
LoraWAN 1 gateways,0.2,2155,53,200,1000000,215,7202,99130,1155,0,4994,2208,7,0,0
LoraWAN 2 gateways,0.2,3384,51,200,1000000,215,7202,155664,1155,0,7202,3436,7,-3435,0
LoraWAN 3 gateways,0.2,6010,67,200,1000000,215,7202,276460,1155,0,7202,6078,7,-6077,0
Multihop 1 gateways,0.2,6734,445,200,1000000,215,7260,708442,1155,29,0,7179,7,1,51
LoraWAN 1 gateways,0.3,2903,56,200,1000000,215,9989,133538,1155,0,7030,2959,7,0,0
LoraWAN 2 gateways,0.3,4740,70,200,1000000,215,9989,218040,1155,0,9989,4811,7,-4810,0
LoraWAN 3 gateways,0.3,8323,113,200,1000000,215,9989,382858,1155,0,9989,8437,7,-8436,0
Multihop 1 gateways,0.3,9164,874,200,1000000,215,10177,954644,1155,43,0,10039,7,2,94
LoraWAN 1 gateways,0.4,3585,138,200,1000000,215,12400,164910,1155,0,8677,3723,7,0,0
LoraWAN 2 gateways,0.4,5880,90,200,1000000,215,12400,270480,1155,0,12400,5970,7,-5970,0
LoraWAN 3 gateways,0.4,10244,225,200,1000000,215,12400,471224,1155,0,12400,10469,7,-10469,0
Multihop 1 gateways,0.4,10958,1528,200,1000000,215,12765,1136963,1155,95,0,12487,7,8,176
LoraWAN 1 gateways,0.5,4215,200,200,1000000,215,14459,193890,1155,0,10044,4415,7,0,0
LoraWAN 2 gateways,0.5,6827,127,200,1000000,215,14459,314042,1155,0,14459,6955,7,-6954,0
LoraWAN 3 gateways,0.5,11965,242,200,1000000,215,14459,550390,1155,0,14459,12208,7,-12207,0
Multihop 1 gateways,0.5,12821,1909,200,1000000,215,15078,1330551,1155,116,0,14731,7,3,229
LoraWAN 1 gateways,0.6,4574,236,200,1000000,215,16235,210404,1155,0,11425,4810,7,0,0
LoraWAN 2 gateways,0.6,7637,200,200,1000000,215,16235,351302,1155,0,16235,7837,7,-7837,0
LoraWAN 3 gateways,0.6,13304,396,200,1000000,215,16235,611984,1155,0,16235,13700,7,-13700,0
Multihop 1 gateways,0.6,14184,2501,200,1000000,215,17123,1461342,1155,126,0,16688,7,5,307
LoraWAN 1 gateways,0.7,4976,256,200,1000000,215,17752,228896,1155,0,12520,5232,7,0,0
LoraWAN 2 gateways,0.7,8307,209,200,1000000,215,17752,382122,1155,0,17752,8516,7,-8516,0
LoraWAN 3 gateways,0.7,14530,449,200,1000000,215,17752,668380,1155,0,17752,14980,7,-14979,0
Multihop 1 gateways,0.7,15309,3068,200,1000000,215,18914,1566473,1155,149,0,18380,7,14,374
LoraWAN 1 gateways,0.8,5573,258,200,1000000,215,19217,256358,1155,0,13386,5831,7,0,0
LoraWAN 2 gateways,0.8,8951,286,200,1000000,215,19217,411746,1155,0,19217,9237,7,-9237,0
LoraWAN 3 gateways,0.8,15710,508,200,1000000,215,19217,722660,1155,0,19217,16218,7,-16218,0
Multihop 1 gateways,0.8,16673,3364,200,1000000,215,20680,1717194,1155,181,0,20037,7,13,449
LoraWAN 1 gateways,0.9,5862,271,200,1000000,215,20524,269652,1155,0,14391,6133,7,0,0
LoraWAN 2 gateways,0.9,9530,318,200,1000000,215,20524,438380,1155,0,20524,9848,7,-9848,0
LoraWAN 3 gateways,0.9,16757,590,200,1000000,215,20524,770822,1155,0,20524,17347,7,-17347,0
Multihop 1 gateways,0.9,17720,3823,200,1000000,215,22335,1814318,1155,247,0,21544,7,21,524
LoraWAN 1 gateways,1,6140,392,200,1000000,215,21659,282440,1155,0,15127,6532,7,0,0
LoraWAN 2 gateways,1,10052,362,200,1000000,215,21659,462392,1155,0,21659,10414,7,-10414,0
LoraWAN 3 gateways,1,17711,622,200,1000000,215,21659,814706,1155,0,21659,18333,7,-18333,0
Multihop 1 gateways,1,18081,4853,200,1000000,215,23828,1839705,1155,274,0,22935,7,17,603
LoraWAN 1 gateways,0.1,1175,14,200,1000000,215,3903,54050,1155,0,2714,1189,7,0,0
LoraWAN 2 gateways,0.1,2449,18,200,1000000,215,3903,112654,1155,0,3903,2468,7,-2467,0
LoraWAN 3 gateways,0.1,3606,32,200,1000000,215,3903,165876,1155,0,3903,3634,7,-3638,0
Multihop 1 gateways,0.1,3751,152,200,1000000,215,3909,415023,1155,12,0,3867,7,-35,29
LoraWAN 1 gateways,0.2,2127,41,200,1000000,215,7202,97842,1155,0,5033,2169,7,1,0
LoraWAN 2 gateways,0.2,4459,72,200,1000000,215,7202,205114,1155,0,7202,4532,7,-4531,0
LoraWAN 3 gateways,0.2,6617,122,200,1000000,215,7202,304382,1155,0,7202,6727,7,-6739,0
Multihop 1 gateways,0.2,6578,619,200,1000000,215,7262,719416,1155,46,0,7125,7,-65,84
LoraWAN 1 gateways,0.3,2900,84,200,1000000,215,9989,133400,1155,0,7005,2984,7,0,0
LoraWAN 2 gateways,0.3,6354,127,200,1000000,215,9989,292284,1155,0,9989,6482,7,-6481,0
LoraWAN 3 gateways,0.3,9164,187,200,1000000,215,9989,421544,1155,0,9989,9337,7,-9351,0
Multihop 1 gateways,0.3,9221,845,200,1000000,215,10190,1014815,1155,83,0,9971,7,-92,133
LoraWAN 1 gateways,0.4,3628,104,200,1000000,215,12400,166888,1155,0,8668,3732,7,0,0
LoraWAN 2 gateways,0.4,7765,193,200,1000000,215,12400,357190,1155,0,12400,7958,7,-7958,0
LoraWAN 3 gateways,0.4,11356,263,200,1000000,215,12400,522376,1155,0,12400,11580,7,-11619,0
Multihop 1 gateways,0.4,10995,1519,200,1000000,215,12781,1180012,1155,117,0,12380,7,-116,266
LoraWAN 1 gateways,0.5,4204,168,200,1000000,215,14459,193384,1155,0,10086,4373,7,1,0
LoraWAN 2 gateways,0.5,8973,254,200,1000000,215,14459,412758,1155,0,14459,9230,7,-9227,0
LoraWAN 3 gateways,0.5,13191,390,200,1000000,215,14459,606786,1155,0,14459,13529,7,-13581,0
Multihop 1 gateways,0.5,12608,2098,200,1000000,215,15114,1368321,1155,142,0,14567,7,-121,387
LoraWAN 1 gateways,0.6,4601,227,200,1000000,215,16235,211646,1155,0,11407,4828,7,0,0
LoraWAN 2 gateways,0.6,10084,323,200,1000000,215,16235,463864,1155,0,16235,10407,7,-10407,0
LoraWAN 3 gateways,0.6,14745,513,200,1000000,215,16235,678270,1155,0,16235,15189,7,-15258,0
Multihop 1 gateways,0.6,14458,2165,200,1000000,215,17155,1572726,1155,188,0,16450,7,-129,473
LoraWAN 1 gateways,0.7,5042,291,200,1000000,215,17752,231932,1155,0,12419,5333,7,0,0
LoraWAN 2 gateways,0.7,10912,439,200,1000000,215,17752,501952,1155,0,17752,11351,7,-11351,0
LoraWAN 3 gateways,0.7,16093,576,200,1000000,215,17752,740278,1155,0,17752,16596,7,-16669,0
Multihop 1 gateways,0.7,15130,3136,200,1000000,215,18950,1627033,1155,262,0,18089,7,-133,555
LoraWAN 1 gateways,0.8,5466,310,200,1000000,215,19217,251436,1155,0,13441,5776,7,0,0
LoraWAN 2 gateways,0.8,11832,437,200,1000000,215,19217,544272,1155,0,19217,12270,7,-12269,0
LoraWAN 3 gateways,0.8,17349,707,200,1000000,215,19217,798054,1155,0,19217,17962,7,-18056,0
Multihop 1 gateways,0.8,16362,3603,200,1000000,215,20759,1749331,1155,269,0,19778,7,-147,672
LoraWAN 1 gateways,0.9,5839,330,200,1000000,215,20524,268594,1155,0,14355,6169,7,0,0
LoraWAN 2 gateways,0.9,12606,515,200,1000000,215,20524,579876,1155,0,20524,13123,7,-13121,0
LoraWAN 3 gateways,0.9,18484,766,200,1000000,215,20524,850264,1155,0,20524,19162,7,-19250,0
Multihop 1 gateways,0.9,17669,3747,200,1000000,215,22397,1898993,1155,322,0,21217,7,-141,800
LoraWAN 1 gateways,1,6141,407,200,1000000,215,21659,282486,1155,0,15111,6548,7,0,0
LoraWAN 2 gateways,1,13270,579,200,1000000,215,21659,610420,1155,0,21659,13849,7,-13849,0
LoraWAN 3 gateways,1,19479,892,200,1000000,215,21659,896034,1155,0,21659,20254,7,-20371,0
Multihop 1 gateways,1,18539,4314,200,1000000,215,23877,1934748,1155,347,0,22626,7,-175,852
LoraWAN 1 gateways,0.1,1296,14,200,1000000,215,3903,59616,1155,0,2593,1310,7,0,0
LoraWAN 2 gateways,0.1,2502,25,200,1000000,215,3903,115092,1155,0,3903,2527,7,-2527,0
LoraWAN 3 gateways,0.1,3432,34,200,1000000,215,3903,157872,1155,0,3903,3462,7,-3466,0
Multihop 1 gateways,0.1,3747,132,200,1000000,215,3909,393271,1155,6,0,3879,7,5,19
LoraWAN 1 gateways,0.2,2422,50,200,1000000,215,7202,111412,1155,0,4729,2473,7,1,0
LoraWAN 2 gateways,0.2,4569,96,200,1000000,215,7202,210174,1155,0,7202,4666,7,-4665,0
LoraWAN 3 gateways,0.2,6286,85,200,1000000,215,7202,289156,1155,0,7202,6356,7,-6371,0
Multihop 1 gateways,0.2,6620,546,200,1000000,215,7259,686093,1155,18,0,7166,7,9,66
LoraWAN 1 gateways,0.3,3313,102,200,1000000,215,9989,152398,1155,0,6574,3415,7,0,0
LoraWAN 2 gateways,0.3,6304,169,200,1000000,215,9989,289984,1155,0,9989,6473,7,-6473,0
LoraWAN 3 gateways,0.3,8724,193,200,1000000,215,9989,401304,1155,0,9989,8863,7,-8917,0
Multihop 1 gateways,0.3,8903,1092,200,1000000,215,10167,908904,1155,34,0,9995,7,11,127
LoraWAN 1 gateways,0.4,4013,161,200,1000000,215,12400,184598,1155,0,8226,4174,7,0,0
LoraWAN 2 gateways,0.4,7813,217,200,1000000,215,12400,359398,1155,0,12400,8030,7,-8030,0
LoraWAN 3 gateways,0.4,10740,266,200,1000000,215,12400,494040,1155,0,12400,10934,7,-11006,0
Multihop 1 gateways,0.4,11129,1370,200,1000000,215,12774,1140757,1155,67,0,12501,7,21,187
LoraWAN 1 gateways,0.5,4659,233,200,1000000,215,14459,214314,1155,0,9567,4892,7,0,0
LoraWAN 2 gateways,0.5,9034,305,200,1000000,215,14459,415564,1155,0,14459,9340,7,-9339,0
LoraWAN 3 gateways,0.5,12507,411,200,1000000,215,14459,575322,1155,0,14459,12814,7,-12918,0
Multihop 1 gateways,0.5,12437,2201,200,1000000,215,15036,1268501,1155,95,0,14639,7,32,271
LoraWAN 1 gateways,0.6,5193,271,200,1000000,215,16235,238878,1155,0,10771,5464,7,0,0
LoraWAN 2 gateways,0.6,10075,360,200,1000000,215,16235,463450,1155,0,16235,10435,7,-10435,0
LoraWAN 3 gateways,0.6,14035,484,200,1000000,215,16235,645610,1155,0,16235,14407,7,-14519,0
Multihop 1 gateways,0.6,14181,2426,200,1000000,215,17097,1431760,1155,108,0,16607,7,34,348
LoraWAN 1 gateways,0.7,5619,382,200,1000000,215,17752,258474,1155,0,11751,6001,7,0,0
LoraWAN 2 gateways,0.7,10966,447,200,1000000,215,17752,504436,1155,0,17752,11414,7,-11413,0
LoraWAN 3 gateways,0.7,15236,588,200,1000000,215,17752,700856,1155,0,17752,15684,7,-15824,0
Multihop 1 gateways,0.7,15287,2995,200,1000000,215,18857,1548441,1155,138,0,18282,7,25,412
LoraWAN 1 gateways,0.8,6214,338,200,1000000,215,19217,285844,1155,0,12664,6553,7,1,0
LoraWAN 2 gateways,0.8,11883,481,200,1000000,215,19217,546618,1155,0,19217,12365,7,-12364,0
LoraWAN 3 gateways,0.8,16428,700,200,1000000,215,19217,755688,1155,0,19217,16948,7,-17128,0
Multihop 1 gateways,0.8,16205,3691,200,1000000,215,20607,1638372,1155,168,0,19899,7,64,479
LoraWAN 1 gateways,0.9,6589,446,200,1000000,215,20524,303094,1155,0,13488,7036,7,1,0
LoraWAN 2 gateways,0.9,12708,585,200,1000000,215,20524,584568,1155,0,20524,13294,7,-13293,0
LoraWAN 3 gateways,0.9,17576,779,200,1000000,215,20524,808496,1155,0,20524,18164,7,-18355,0
Multihop 1 gateways,0.9,17269,4153,200,1000000,215,22243,1731240,1155,210,0,21423,7,60,551
LoraWAN 1 gateways,1,6840,571,200,1000000,215,21659,314640,1155,0,14248,7411,7,0,0
LoraWAN 2 gateways,1,13331,664,200,1000000,215,21659,613226,1155,0,21659,13995,7,-13995,0
LoraWAN 3 gateways,1,18473,943,200,1000000,215,21659,849758,1155,0,21659,19167,7,-19416,0
Multihop 1 gateways,1,18534,4260,200,1000000,215,23703,1863231,1155,200,0,22795,7,68,641
LoraWAN 1 gateways,0.1,1165,22,200,1000000,215,3903,53590,1155,0,2715,1188,7,1,0
LoraWAN 2 gateways,0.1,2133,20,200,1000000,215,3903,98118,1155,0,3903,2154,7,-2153,0
LoraWAN 3 gateways,0.1,3222,25,200,1000000,215,3903,148212,1155,0,3903,3246,7,-3247,0
Multihop 1 gateways,0.1,3689,173,200,1000000,215,3909,385344,1155,10,0,3862,7,2,35
LoraWAN 1 gateways,0.2,2131,42,200,1000000,215,7202,98026,1155,0,5029,2173,7,0,0
LoraWAN 2 gateways,0.2,3961,73,200,1000000,215,7202,182206,1155,0,7202,4035,7,-4034,0
LoraWAN 3 gateways,0.2,5852,108,200,1000000,215,7202,269192,1155,0,7202,5950,7,-5960,0
Multihop 1 gateways,0.2,6647,470,200,1000000,215,7262,695996,1155,28,0,7117,7,17,100
LoraWAN 1 gateways,0.3,2811,74,200,1000000,215,9989,129306,1155,0,7104,2885,7,0,0
LoraWAN 2 gateways,0.3,5446,111,200,1000000,215,9989,250516,1155,0,9989,5557,7,-5557,0
LoraWAN 3 gateways,0.3,8013,177,200,1000000,215,9989,368598,1155,0,9989,8173,7,-8190,0
Multihop 1 gateways,0.3,8890,1005,200,1000000,215,10160,927046,1155,76,0,9897,7,18,171
LoraWAN 1 gateways,0.4,3515,116,200,1000000,215,12400,161690,1155,0,8769,3631,7,0,0
LoraWAN 2 gateways,0.4,6726,201,200,1000000,215,12400,309396,1155,0,12400,6927,7,-6927,0
LoraWAN 3 gateways,0.4,10006,227,200,1000000,215,12400,460276,1155,0,12400,10215,7,-10233,0
Multihop 1 gateways,0.4,10989,1313,200,1000000,215,12742,1137422,1155,129,0,12302,7,35,276
LoraWAN 1 gateways,0.5,4155,166,200,1000000,215,14459,191130,1155,0,10138,4321,7,0,0
LoraWAN 2 gateways,0.5,7806,285,200,1000000,215,14459,359076,1155,0,14459,8093,7,-8091,0
LoraWAN 3 gateways,0.5,11566,382,200,1000000,215,14459,532036,1155,0,14459,11900,7,-11948,0
Multihop 1 gateways,0.5,12712,1770,200,1000000,215,15051,1302967,1155,173,0,14482,7,27,369
LoraWAN 1 gateways,0.6,4550,230,200,1000000,215,16235,209300,1155,0,11455,4780,7,0,0
LoraWAN 2 gateways,0.6,8614,338,200,1000000,215,16235,396244,1155,0,16235,8952,7,-8952,0
LoraWAN 3 gateways,0.6,12937,406,200,1000000,215,16235,595102,1155,0,16235,13313,7,-13343,0
Multihop 1 gateways,0.6,13651,2602,200,1000000,215,17053,1388345,1155,268,0,16253,7,40,492
LoraWAN 1 gateways,0.7,4925,267,200,1000000,215,17752,226550,1155,0,12560,5192,7,0,0
LoraWAN 2 gateways,0.7,9432,434,200,1000000,215,17752,433872,1155,0,17752,9866,7,-9866,0
LoraWAN 3 gateways,0.7,14077,532,200,1000000,215,17752,647542,1155,0,17752,14542,7,-14609,0
Multihop 1 gateways,0.7,14632,3305,200,1000000,215,18868,1481548,1155,287,0,17938,7,65,579
LoraWAN 1 gateways,0.8,5413,315,200,1000000,215,19217,248998,1155,0,13489,5728,7,0,0
LoraWAN 2 gateways,0.8,10117,499,200,1000000,215,19217,465382,1155,0,19217,10617,7,-10616,0
LoraWAN 3 gateways,0.8,15222,603,200,1000000,215,19217,700212,1155,0,19217,15765,7,-15825,0
Multihop 1 gateways,0.8,16073,3460,200,1000000,215,20594,1623335,1155,316,0,19533,7,63,682
LoraWAN 1 gateways,0.9,5721,349,200,1000000,215,20524,263166,1155,0,14454,6070,7,0,0
LoraWAN 2 gateways,0.9,10803,543,200,1000000,215,20524,496938,1155,0,20524,11348,7,-11346,0
LoraWAN 3 gateways,0.9,16198,688,200,1000000,215,20524,745108,1155,0,20524,16827,7,-16886,0
Multihop 1 gateways,0.9,17316,3644,200,1000000,215,22184,1758389,1155,393,0,20962,7,61,770
LoraWAN 1 gateways,1,6036,397,200,1000000,215,21659,277656,1155,0,15226,6433,7,0,0
LoraWAN 2 gateways,1,11459,585,200,1000000,215,21659,527114,1155,0,21659,12044,7,-12044,0
LoraWAN 3 gateways,1,17109,745,200,1000000,215,21659,787014,1155,0,21659,17773,7,-17854,0
Multihop 1 gateways,1,18036,4191,200,1000000,215,23627,1818902,1155,479,0,22227,7,82,839
LoraWAN 1 gateways,0.1,1114,26,200,1000000,215,3903,51244,1155,0,2762,1141,7,1,0
LoraWAN 2 gateways,0.1,2025,17,200,1000000,215,3903,93150,1155,0,3903,2042,7,-2042,0
LoraWAN 3 gateways,0.1,3404,35,200,1000000,215,3903,156584,1155,0,3903,3440,7,-3439,0
Multihop 1 gateways,0.1,3752,132,200,1000000,215,3909,396745,1155,8,0,3884,7,0,17
LoraWAN 1 gateways,0.2,2074,54,200,1000000,215,7202,95404,1155,0,5074,2128,7,0,0
LoraWAN 2 gateways,0.2,3731,42,200,1000000,215,7202,171626,1155,0,7202,3774,7,-3773,0
LoraWAN 3 gateways,0.2,6201,102,200,1000000,215,7202,285246,1155,0,7202,6304,7,-6303,0
Multihop 1 gateways,0.2,6681,475,200,1000000,215,7262,707001,1155,35,0,7156,7,2,69
LoraWAN 1 gateways,0.3,2820,85,200,1000000,215,9989,129720,1155,0,7084,2905,7,0,0
LoraWAN 2 gateways,0.3,5178,112,200,1000000,215,9989,238188,1155,0,9989,5291,7,-5290,0
LoraWAN 3 gateways,0.3,8532,186,200,1000000,215,9989,392472,1155,0,9989,8719,7,-8718,0
Multihop 1 gateways,0.3,9129,869,200,1000000,215,10169,968434,1155,59,0,9998,7,6,106
LoraWAN 1 gateways,0.4,3506,111,200,1000000,215,12400,161276,1155,0,8783,3617,7,0,0
LoraWAN 2 gateways,0.4,6380,179,200,1000000,215,12400,293480,1155,0,12400,6559,7,-6559,0
LoraWAN 3 gateways,0.4,10576,274,200,1000000,215,12400,486496,1155,0,12400,10850,7,-10850,0
Multihop 1 gateways,0.4,11066,1413,200,1000000,215,12775,1160379,1155,100,0,12480,7,5,191
LoraWAN 1 gateways,0.5,4088,140,200,1000000,215,14459,188048,1155,0,10231,4228,7,0,0
LoraWAN 2 gateways,0.5,7386,246,200,1000000,215,14459,339756,1155,0,14459,7635,7,-7632,0
LoraWAN 3 gateways,0.5,12200,379,200,1000000,215,14459,561200,1155,0,14459,12582,7,-12579,0
Multihop 1 gateways,0.5,12930,1774,200,1000000,215,15088,1354970,1155,113,0,14704,7,5,266
LoraWAN 1 gateways,0.6,4459,208,200,1000000,215,16235,205114,1155,0,11568,4667,7,0,0
LoraWAN 2 gateways,0.6,8335,304,200,1000000,215,16235,383410,1155,0,16235,8639,7,-8639,0
LoraWAN 3 gateways,0.6,13673,468,200,1000000,215,16235,628958,1155,0,16235,14141,7,-14141,0
Multihop 1 gateways,0.6,14421,2157,200,1000000,215,17117,1501864,1155,166,0,16578,7,9,364
LoraWAN 1 gateways,0.7,4835,252,200,1000000,215,17752,222410,1155,0,12665,5087,7,0,0
LoraWAN 2 gateways,0.7,9097,387,200,1000000,215,17752,418462,1155,0,17752,9485,7,-9484,0
LoraWAN 3 gateways,0.7,14948,593,200,1000000,215,17752,687608,1155,0,17752,15542,7,-15541,0
Multihop 1 gateways,0.7,15295,3028,200,1000000,215,18921,1575219,1155,170,0,18323,7,12,416
LoraWAN 1 gateways,0.8,5269,317,200,1000000,215,19217,242374,1155,0,13631,5586,7,0,0
LoraWAN 2 gateways,0.8,9822,394,200,1000000,215,19217,451812,1155,0,19217,10216,7,-10216,0
LoraWAN 3 gateways,0.8,16153,665,200,1000000,215,19217,743038,1155,0,19217,16819,7,-16818,0
Multihop 1 gateways,0.8,16612,3278,200,1000000,215,20696,1718225,1155,269,0,19893,7,20,517
LoraWAN 1 gateways,0.9,5663,316,200,1000000,215,20524,260498,1155,0,14545,5979,7,0,0
LoraWAN 2 gateways,0.9,10393,461,200,1000000,215,20524,478078,1155,0,20524,10855,7,-10854,0
LoraWAN 3 gateways,0.9,17152,766,200,1000000,215,20524,788992,1155,0,20524,17920,7,-17918,0
Multihop 1 gateways,0.9,17712,3741,200,1000000,215,22365,1828967,1155,307,0,21454,7,18,587
LoraWAN 1 gateways,1,5990,338,200,1000000,215,21659,275540,1155,0,15331,6328,7,0,0
LoraWAN 2 gateways,1,11011,443,200,1000000,215,21659,506506,1155,0,21659,11454,7,-11454,0
LoraWAN 3 gateways,1,18084,833,200,1000000,215,21659,831864,1155,0,21659,18917,7,-18917,0
Multihop 1 gateways,1,18370,4408,200,1000000,215,23809,1860702,1155,334,0,22780,7,31,666
LoraWAN 1 gateways,0.1,1018,30,200,1000000,215,3903,46828,1155,0,2855,1048,7,0,0
LoraWAN 2 gateways,0.1,2377,25,200,1000000,215,3903,109342,1155,0,3903,2403,7,-2402,0
LoraWAN 3 gateways,0.1,3353,25,200,1000000,215,3903,154238,1155,0,3903,3376,7,-3378,0
Multihop 1 gateways,0.1,3721,162,200,1000000,215,3909,425549,1155,2,0,3883,7,0,24
LoraWAN 1 gateways,0.2,1929,23,200,1000000,215,7202,88734,1155,0,5250,1952,7,0,0
LoraWAN 2 gateways,0.2,4402,74,200,1000000,215,7202,202492,1155,0,7202,4476,7,-4476,0
LoraWAN 3 gateways,0.2,6159,85,200,1000000,215,7202,283314,1155,0,7202,6228,7,-6244,0
Multihop 1 gateways,0.2,6646,524,200,1000000,215,7264,752535,1155,18,0,7170,7,1,75
LoraWAN 1 gateways,0.3,2569,66,200,1000000,215,9989,118174,1155,0,7354,2635,7,0,0
LoraWAN 2 gateways,0.3,6032,103,200,1000000,215,9989,277472,1155,0,9989,6135,7,-6135,0
LoraWAN 3 gateways,0.3,8475,148,200,1000000,215,9989,389850,1155,0,9989,8603,7,-8623,0
Multihop 1 gateways,0.3,9143,846,200,1000000,215,10200,1038210,1155,41,0,9990,7,16,154
LoraWAN 1 gateways,0.4,3217,89,200,1000000,215,12400,147982,1155,0,9094,3306,7,0,0
LoraWAN 2 gateways,0.4,7527,203,200,1000000,215,12400,346242,1155,0,12400,7730,7,-7730,0
LoraWAN 3 gateways,0.4,10506,277,200,1000000,215,12400,483276,1155,0,12400,10724,7,-10783,0
Multihop 1 gateways,0.4,10908,1563,200,1000000,215,12831,1244827,1155,79,0,12471,7,27,254
LoraWAN 1 gateways,0.5,3692,164,200,1000000,215,14459,169832,1155,0,10603,3856,7,0,0
LoraWAN 2 gateways,0.5,8684,297,200,1000000,215,14459,399464,1155,0,14459,8983,7,-8981,0
LoraWAN 3 gateways,0.5,12167,417,200,1000000,215,14459,559682,1155,0,14459,12508,7,-12584,0
Multihop 1 gateways,0.5,12876,1824,200,1000000,215,15167,1458153,1155,104,0,14700,7,26,337
LoraWAN 1 gateways,0.6,4034,198,200,1000000,215,16235,185564,1155,0,12003,4232,7,0,0
LoraWAN 2 gateways,0.6,9669,368,200,1000000,215,16235,444774,1155,0,16235,10037,7,-10037,0
LoraWAN 3 gateways,0.6,13665,484,200,1000000,215,16235,628590,1155,0,16235,14041,7,-14149,0
Multihop 1 gateways,0.6,14405,2241,200,1000000,215,17240,1618033,1155,119,0,16646,7,41,434
LoraWAN 1 gateways,0.7,4413,219,200,1000000,215,17752,202998,1155,0,13120,4632,7,0,0
LoraWAN 2 gateways,0.7,10529,438,200,1000000,215,17752,484334,1155,0,17752,10967,7,-10967,0
LoraWAN 3 gateways,0.7,14847,615,200,1000000,215,17752,682962,1155,0,17752,15354,7,-15462,0
Multihop 1 gateways,0.7,15445,2922,200,1000000,215,19082,1733977,1155,127,0,18368,7,50,538
LoraWAN 1 gateways,0.8,4863,291,200,1000000,215,19217,223698,1155,0,14063,5154,7,0,0
LoraWAN 2 gateways,0.8,11433,492,200,1000000,215,19217,525918,1155,0,19217,11926,7,-11925,0
LoraWAN 3 gateways,0.8,16119,631,200,1000000,215,19217,741474,1155,0,19217,16619,7,-16750,0
Multihop 1 gateways,0.8,16427,3490,200,1000000,215,20873,1808237,1155,226,0,19917,7,63,667
LoraWAN 1 gateways,0.9,5096,328,200,1000000,215,20524,234416,1155,0,15100,5424,7,0,0
LoraWAN 2 gateways,0.9,12201,569,200,1000000,215,20524,561246,1155,0,20524,12771,7,-12770,0
LoraWAN 3 gateways,0.9,17157,758,200,1000000,215,20524,789222,1155,0,20524,17779,7,-17915,0
Multihop 1 gateways,0.9,17437,4153,200,1000000,215,22592,1916695,1155,225,0,21591,7,81,696
LoraWAN 1 gateways,1,5482,326,200,1000000,215,21659,252172,1155,0,15851,5808,7,0,0
LoraWAN 2 gateways,1,12648,748,200,1000000,215,21659,581808,1155,0,21659,13396,7,-13396,0
LoraWAN 3 gateways,1,18127,783,200,1000000,215,21659,833842,1155,0,21659,18737,7,-18910,0
Multihop 1 gateways,1,18262,4651,200,1000000,215,24100,1995860,1155,279,0,22915,7,67,841
LoraWAN 1 gateways,0.1,925,10,200,1000000,215,3903,42550,1155,0,2967,936,7,1,0
LoraWAN 2 gateways,0.1,2713,17,200,1000000,215,3903,124798,1155,0,3903,2730,7,-2730,0
LoraWAN 3 gateways,0.1,3872,38,200,1000000,215,3903,178112,1155,0,3903,3903,7,-3910,0
Multihop 1 gateways,0.1,3734,128,200,1000000,215,3909,426251,1155,18,0,3862,7,7,22
LoraWAN 1 gateways,0.2,1694,22,200,1000000,215,7202,77924,1155,0,5486,1716,7,0,0
LoraWAN 2 gateways,0.2,4914,57,200,1000000,215,7202,226044,1155,0,7202,4972,7,-4971,0
LoraWAN 3 gateways,0.2,7098,117,200,1000000,215,7202,326508,1155,0,7202,7202,7,-7215,0
Multihop 1 gateways,0.2,6678,405,200,1000000,215,7265,750869,1155,71,0,7083,7,8,103
LoraWAN 1 gateways,0.3,2350,38,200,1000000,215,9989,108100,1155,0,7601,2388,7,0,0
LoraWAN 2 gateways,0.3,6741,133,200,1000000,215,9989,310086,1155,0,9989,6874,7,-6874,0
LoraWAN 3 gateways,0.3,9809,220,200,1000000,215,9989,451214,1155,0,9989,9989,7,-10029,0
Multihop 1 gateways,0.3,8998,810,200,1000000,215,10180,1012465,1155,135,0,9808,7,18,219
LoraWAN 1 gateways,0.4,2846,89,200,1000000,215,12400,130916,1155,0,9465,2935,7,0,0
LoraWAN 2 gateways,0.4,8429,190,200,1000000,215,12400,387734,1155,0,12400,8619,7,-8619,0
LoraWAN 3 gateways,0.4,12104,353,200,1000000,215,12400,556784,1155,0,12400,12400,7,-12457,0
Multihop 1 gateways,0.4,10628,1603,200,1000000,215,12788,1183751,1155,172,0,12231,7,39,346
LoraWAN 1 gateways,0.5,3312,122,200,1000000,215,14459,152352,1155,0,11025,3434,7,0,0
LoraWAN 2 gateways,0.5,9669,286,200,1000000,215,14459,444774,1155,0,14459,9958,7,-9955,0
LoraWAN 3 gateways,0.5,14063,483,200,1000000,215,14459,646898,1155,0,14459,14459,7,-14546,0
Multihop 1 gateways,0.5,12770,1516,200,1000000,215,15079,1412101,1155,279,0,14286,7,76,438
LoraWAN 1 gateways,0.6,3681,116,200,1000000,215,16235,169326,1155,0,12438,3797,7,0,0
LoraWAN 2 gateways,0.6,10734,397,200,1000000,215,16235,493764,1155,0,16235,11131,7,-11131,0
LoraWAN 3 gateways,0.6,15628,735,200,1000000,215,16235,718888,1155,0,16235,16235,7,-16363,0
Multihop 1 gateways,0.6,14011,2087,200,1000000,215,17143,1546524,1155,329,0,16098,7,79,637
LoraWAN 1 gateways,0.7,3983,147,200,1000000,215,17752,183218,1155,0,13622,4130,7,0,0
LoraWAN 2 gateways,0.7,11744,490,200,1000000,215,17752,540224,1155,0,17752,12235,7,-12234,0
LoraWAN 3 gateways,0.7,17128,738,200,1000000,215,17752,787888,1155,0,17752,17752,7,-17866,0
Multihop 1 gateways,0.7,15593,2201,200,1000000,215,18928,1721084,1155,363,0,17795,7,87,684
LoraWAN 1 gateways,0.8,4413,173,200,1000000,215,19217,202998,1155,0,14631,4586,7,0,0
LoraWAN 2 gateways,0.8,12738,496,200,1000000,215,19217,585948,1155,0,19217,13235,7,-13234,0
LoraWAN 3 gateways,0.8,18463,895,200,1000000,215,19217,849298,1155,0,19217,19217,7,-19358,0
Multihop 1 gateways,0.8,16609,2705,200,1000000,215,20749,1815091,1155,452,0,19316,7,91,892
LoraWAN 1 gateways,0.9,4603,204,200,1000000,215,20524,211738,1155,0,15717,4807,7,0,0
LoraWAN 2 gateways,0.9,13510,607,200,1000000,215,20524,621460,1155,0,20524,14118,7,-14117,0
LoraWAN 3 gateways,0.9,19699,984,200,1000000,215,20524,906154,1155,0,20524,20524,7,-20683,0
Multihop 1 gateways,0.9,16391,4239,200,1000000,215,22307,1769987,1155,560,0,20630,7,116,1001
LoraWAN 1 gateways,1,4881,217,200,1000000,215,21659,224526,1155,0,16561,5098,7,0,0
LoraWAN 2 gateways,1,14346,654,200,1000000,215,21659,659916,1155,0,21659,15000,7,-15000,0
LoraWAN 3 gateways,1,20724,1085,200,1000000,215,21659,953304,1155,0,21659,21659,7,-21809,0
Multihop 1 gateways,1,18192,3751,200,1000000,215,23770,1979136,1155,622,0,21947,7,134,1071
LoraWAN 1 gateways,0.1,947,4,200,1000000,215,3903,43562,1155,0,2952,951,7,0,0
LoraWAN 2 gateways,0.1,2322,20,200,1000000,215,3903,106812,1155,0,3903,2343,7,-2342,0
LoraWAN 3 gateways,0.1,3624,27,200,1000000,215,3903,166704,1155,0,3903,3652,7,-3651,0
Multihop 1 gateways,0.1,3711,171,200,1000000,215,3909,414387,1155,12,0,3882,7,0,15
LoraWAN 1 gateways,0.2,1761,26,200,1000000,215,7202,81006,1155,0,5415,1787,7,0,0
LoraWAN 2 gateways,0.2,4220,56,200,1000000,215,7202,194120,1155,0,7202,4276,7,-4276,0
LoraWAN 3 gateways,0.2,6632,82,200,1000000,215,7202,305072,1155,0,7202,6714,7,-6714,0
Multihop 1 gateways,0.2,6555,557,200,1000000,215,7260,736926,1155,64,0,7112,7,4,80
LoraWAN 1 gateways,0.3,2404,46,200,1000000,215,9989,110584,1155,0,7538,2451,7,1,0
LoraWAN 2 gateways,0.3,5787,152,200,1000000,215,9989,266202,1155,0,9989,5939,7,-5939,0
LoraWAN 3 gateways,0.3,9132,198,200,1000000,215,9989,420072,1155,0,9989,9331,7,-9330,0
Multihop 1 gateways,0.3,8590,1386,200,1000000,215,10199,951264,1155,66,0,9977,7,9,148
LoraWAN 1 gateways,0.4,2970,85,200,1000000,215,12400,136620,1155,0,9345,3055,7,0,0
LoraWAN 2 gateways,0.4,7139,227,200,1000000,215,12400,328394,1155,0,12400,7366,7,-7366,0
LoraWAN 3 gateways,0.4,11300,283,200,1000000,215,12400,519800,1155,0,12400,11583,7,-11583,0
Multihop 1 gateways,0.4,10816,1605,200,1000000,215,12791,1196038,1155,130,0,12421,7,17,223
LoraWAN 1 gateways,0.5,3463,113,200,1000000,215,14459,159298,1155,0,10883,3576,7,0,0
LoraWAN 2 gateways,0.5,8277,271,200,1000000,215,14459,380742,1155,0,14459,8551,7,-8548,0
LoraWAN 3 gateways,0.5,13065,435,200,1000000,215,14459,600990,1155,0,14459,13503,7,-13500,0
Multihop 1 gateways,0.5,12805,1783,200,1000000,215,15137,1413456,1155,184,0,14589,7,20,345
LoraWAN 1 gateways,0.6,3792,142,200,1000000,215,16235,174432,1155,0,12301,3934,7,0,0
LoraWAN 2 gateways,0.6,9295,394,200,1000000,215,16235,427570,1155,0,16235,9689,7,-9689,0
LoraWAN 3 gateways,0.6,14659,548,200,1000000,215,16235,674314,1155,0,16235,15207,7,-15207,0
Multihop 1 gateways,0.6,14251,2247,200,1000000,215,17185,1566550,1155,261,0,16501,7,27,399
LoraWAN 1 gateways,0.7,4100,186,200,1000000,215,17752,188600,1155,0,13466,4286,7,0,0
LoraWAN 2 gateways,0.7,10159,425,200,1000000,215,17752,467314,1155,0,17752,10585,7,-10584,0
LoraWAN 3 gateways,0.7,15999,595,200,1000000,215,17752,735954,1155,0,17752,16595,7,-16594,0
Multihop 1 gateways,0.7,15487,2693,200,1000000,215,19004,1689934,1155,301,0,18180,7,27,496
LoraWAN 1 gateways,0.8,4599,187,200,1000000,215,19217,211554,1155,0,14431,4786,7,0,0
LoraWAN 2 gateways,0.8,10978,491,200,1000000,215,19217,504988,1155,0,19217,11469,7,-11469,0
LoraWAN 3 gateways,0.8,17230,740,200,1000000,215,19217,792580,1155,0,19217,17971,7,-17970,0
Multihop 1 gateways,0.8,16713,3162,200,1000000,215,20799,1815095,1155,291,0,19875,7,26,607
LoraWAN 1 gateways,0.9,4781,205,200,1000000,215,20524,219926,1155,0,15538,4986,7,0,0
LoraWAN 2 gateways,0.9,11591,572,200,1000000,215,20524,533186,1155,0,20524,12164,7,-12163,0
LoraWAN 3 gateways,0.9,18355,831,200,1000000,215,20524,844330,1155,0,20524,19188,7,-19186,0
Multihop 1 gateways,0.9,17346,3994,200,1000000,215,22457,1867730,1155,399,0,21341,7,13,705
LoraWAN 1 gateways,1,5093,247,200,1000000,215,21659,234278,1155,0,16319,5340,7,0,0
LoraWAN 2 gateways,1,12188,687,200,1000000,215,21659,560648,1155,0,21659,12875,7,-12875,0
LoraWAN 3 gateways,1,19326,906,200,1000000,215,21659,888996,1155,0,21659,20232,7,-20232,0
Multihop 1 gateways,1,18699,4029,200,1000000,215,23958,2020645,1155,399,0,22729,7,45,786
LoraWAN 1 gateways,0.1,1100,10,200,1000000,215,3903,50600,1155,0,2793,1110,7,0,0
LoraWAN 2 gateways,0.1,2486,28,200,1000000,215,3903,114356,1155,0,3903,2514,7,-2514,0
LoraWAN 3 gateways,0.1,3137,31,200,1000000,215,3903,144302,1155,0,3903,3167,7,-3168,0
Multihop 1 gateways,0.1,3762,117,200,1000000,215,3909,416797,1155,11,0,3879,7,0,19
LoraWAN 1 gateways,0.2,1955,34,200,1000000,215,7202,89930,1155,0,5213,1989,7,0,0
LoraWAN 2 gateways,0.2,4594,76,200,1000000,215,7202,211324,1155,0,7202,4671,7,-4670,0
LoraWAN 3 gateways,0.2,5783,122,200,1000000,215,7202,266018,1155,0,7202,5893,7,-5905,0
Multihop 1 gateways,0.2,6644,510,200,1000000,215,7264,730124,1155,39,0,7155,7,8,63
LoraWAN 1 gateways,0.3,2693,53,200,1000000,215,9989,123878,1155,0,7243,2746,7,0,0
LoraWAN 2 gateways,0.3,6265,133,200,1000000,215,9989,288190,1155,0,9989,6399,7,-6398,0
LoraWAN 3 gateways,0.3,7922,181,200,1000000,215,9989,364412,1155,0,9989,8095,7,-8103,0
Multihop 1 gateways,0.3,9039,924,200,1000000,215,10192,991626,1155,61,0,9964,7,15,153
LoraWAN 1 gateways,0.4,3307,97,200,1000000,215,12400,152122,1155,0,8996,3404,7,0,0
LoraWAN 2 gateways,0.4,7789,193,200,1000000,215,12400,358294,1155,0,12400,7982,7,-7982,0
LoraWAN 3 gateways,0.4,9808,316,200,1000000,215,12400,451168,1155,0,12400,10091,7,-10124,0
Multihop 1 gateways,0.4,10994,1431,200,1000000,215,12782,1198549,1155,99,0,12426,7,25,233
LoraWAN 1 gateways,0.5,3833,164,200,1000000,215,14459,176318,1155,0,10462,3997,7,0,0
LoraWAN 2 gateways,0.5,8958,313,200,1000000,215,14459,412068,1155,0,14459,9273,7,-9271,0
LoraWAN 3 gateways,0.5,11439,366,200,1000000,215,14459,526194,1155,0,14459,11761,7,-11805,0
Multihop 1 gateways,0.5,12556,2092,200,1000000,215,15122,1359326,1155,143,0,14649,7,20,311
LoraWAN 1 gateways,0.6,4267,188,200,1000000,215,16235,196282,1155,0,11780,4455,7,0,0
LoraWAN 2 gateways,0.6,9985,413,200,1000000,215,16235,459310,1155,0,16235,10398,7,-10398,0
LoraWAN 3 gateways,0.6,12705,523,200,1000000,215,16235,584430,1155,0,16235,13203,7,-13228,0
Multihop 1 gateways,0.6,14179,2387,200,1000000,215,17174,1522027,1155,175,0,16568,7,37,396
LoraWAN 1 gateways,0.7,4636,219,200,1000000,215,17752,213256,1155,0,12897,4855,7,0,0
LoraWAN 2 gateways,0.7,11022,435,200,1000000,215,17752,507012,1155,0,17752,11458,7,-11457,0
LoraWAN 3 gateways,0.7,13979,551,200,1000000,215,17752,643034,1155,0,17752,14487,7,-14530,0
Multihop 1 gateways,0.7,15332,2938,200,1000000,215,18982,1655494,1155,187,0,18273,7,39,486
LoraWAN 1 gateways,0.8,5070,267,200,1000000,215,19217,233220,1155,0,13880,5337,7,0,0
LoraWAN 2 gateways,0.8,11884,538,200,1000000,215,19217,546664,1155,0,19217,12423,7,-12422,0
LoraWAN 3 gateways,0.8,15073,689,200,1000000,215,19217,693358,1155,0,19217,15697,7,-15762,0
Multihop 1 gateways,0.8,16565,3282,200,1000000,215,20763,1773980,1155,301,0,19848,7,39,576
LoraWAN 1 gateways,0.9,5375,288,200,1000000,215,20524,247250,1155,0,14861,5663,7,0,0
LoraWAN 2 gateways,0.9,12717,571,200,1000000,215,20524,584982,1155,0,20524,13290,7,-13288,0
LoraWAN 3 gateways,0.9,16083,756,200,1000000,215,20524,739818,1155,0,20524,16761,7,-16839,0
Multihop 1 gateways,0.9,17794,3585,200,1000000,215,22399,1891442,1155,284,0,21379,7,42,694
LoraWAN 1 gateways,1,5666,302,200,1000000,215,21659,260636,1155,0,15691,5968,7,0,0
LoraWAN 2 gateways,1,13261,692,200,1000000,215,21659,610006,1155,0,21659,13953,7,-13953,0
LoraWAN 3 gateways,1,16834,880,200,1000000,215,21659,774364,1155,0,21659,17640,7,-17714,0
Multihop 1 gateways,1,18167,4597,200,1000000,215,23932,1941679,1155,339,0,22764,7,34,795
LoraWAN 1 gateways,0.1,1055,4,200,1000000,215,3903,48530,1155,0,2843,1060,7,1,0
LoraWAN 2 gateways,0.1,1830,9,200,1000000,215,3903,84180,1155,0,3903,1839,7,-1839,0
LoraWAN 3 gateways,0.1,3271,21,200,1000000,215,3903,150466,1155,0,3903,3292,7,-3292,0
Multihop 1 gateways,0.1,3719,150,200,1000000,215,3906,435670,1155,7,0,3869,7,4,26
LoraWAN 1 gateways,0.2,1930,28,200,1000000,215,7202,88780,1155,0,5244,1958,7,0,0
LoraWAN 2 gateways,0.2,3346,51,200,1000000,215,7202,153916,1155,0,7202,3398,7,-3397,0
LoraWAN 3 gateways,0.2,6069,78,200,1000000,215,7202,279174,1155,0,7202,6145,7,-6147,0
Multihop 1 gateways,0.2,6724,410,200,1000000,215,7263,779728,1155,33,0,7135,7,6,90
LoraWAN 1 gateways,0.3,2618,64,200,1000000,215,9989,120428,1155,0,7307,2682,7,0,0
LoraWAN 2 gateways,0.3,4608,96,200,1000000,215,9989,211968,1155,0,9989,4705,7,-4704,0
LoraWAN 3 gateways,0.3,8344,138,200,1000000,215,9989,383824,1155,0,9989,8481,7,-8482,0
Multihop 1 gateways,0.3,9047,906,200,1000000,215,10194,1051448,1155,68,0,9955,7,5,168
LoraWAN 1 gateways,0.4,3212,83,200,1000000,215,12400,147752,1155,0,9105,3295,7,0,0
LoraWAN 2 gateways,0.4,5775,147,200,1000000,215,12400,265650,1155,0,12400,5922,7,-5922,0
LoraWAN 3 gateways,0.4,10288,254,200,1000000,215,12400,473248,1155,0,12400,10539,7,-10542,0
Multihop 1 gateways,0.4,10793,1594,200,1000000,215,12802,1243911,1155,112,0,12387,7,9,294
LoraWAN 1 gateways,0.5,3712,145,200,1000000,215,14459,170752,1155,0,10602,3857,7,0,0
LoraWAN 2 gateways,0.5,6722,137,200,1000000,215,14459,309212,1155,0,14459,6860,7,-6859,0
LoraWAN 3 gateways,0.5,11943,314,200,1000000,215,14459,549378,1155,0,14459,12249,7,-12257,0
Multihop 1 gateways,0.5,12166,2487,200,1000000,215,15175,1389610,1155,135,0,14653,7,14,373
LoraWAN 1 gateways,0.6,4177,122,200,1000000,215,16235,192142,1155,0,11936,4299,7,0,0
LoraWAN 2 gateways,0.6,7573,164,200,1000000,215,16235,348358,1155,0,16235,7737,7,-7737,0
LoraWAN 3 gateways,0.6,13388,404,200,1000000,215,16235,615848,1155,0,16235,13782,7,-13792,0
Multihop 1 gateways,0.6,14071,2508,200,1000000,215,17220,1589051,1155,166,0,16579,7,22,453
LoraWAN 1 gateways,0.7,4522,176,200,1000000,215,17752,208012,1155,0,13054,4698,7,0,0
LoraWAN 2 gateways,0.7,8240,259,200,1000000,215,17752,379040,1155,0,17752,8500,7,-8499,0
LoraWAN 3 gateways,0.7,14646,507,200,1000000,215,17752,673716,1155,0,17752,15135,7,-15153,0
Multihop 1 gateways,0.7,15628,2620,200,1000000,215,19048,1767856,1155,209,0,18248,7,23,568
LoraWAN 1 gateways,0.8,4934,241,200,1000000,215,19217,226964,1155,0,14042,5175,7,0,0
LoraWAN 2 gateways,0.8,8819,289,200,1000000,215,19217,405674,1155,0,19217,9108,7,-9108,0
LoraWAN 3 gateways,0.8,15800,601,200,1000000,215,19217,726800,1155,0,19217,16379,7,-16401,0
Multihop 1 gateways,0.8,16135,3741,200,1000000,215,20850,1817335,1155,252,0,19876,7,29,693
LoraWAN 1 gateways,0.9,5148,317,200,1000000,215,20524,236808,1155,0,15059,5465,7,0,0
LoraWAN 2 gateways,0.9,9465,309,200,1000000,215,20524,435390,1155,0,20524,9775,7,-9774,0
LoraWAN 3 gateways,0.9,16819,652,200,1000000,215,20524,773674,1155,0,20524,17458,7,-17471,0
Multihop 1 gateways,0.9,17542,3869,200,1000000,215,22549,1943952,1155,284,0,21412,7,17,837
LoraWAN 1 gateways,1,5422,342,200,1000000,215,21659,249412,1155,0,15895,5764,7,0,0
LoraWAN 2 gateways,1,9932,359,200,1000000,215,21659,456872,1155,0,21659,10291,7,-10291,0
LoraWAN 3 gateways,1,17640,796,200,1000000,215,21659,811440,1155,0,21659,18410,7,-18436,0
Multihop 1 gateways,1,18081,4730,200,1000000,215,24073,2005072,1155,320,0,22811,7,36,906
